2.999999999999999889e-01 2.999999999999999889e-01
5.999999999999999778e-01 2.999999999999999889e-01
5.999999999999999778e-01 4.000000000000000222e-01
4.000000000000000222e-01 4.000000000000000222e-01
1.000000000000000000e+00 1.000000000000000000e+00
0.000000000000000000e+00 1.000000000000000000e+00
0.000000000000000000e+00 5.000000000000000000e-01
0.000000000000000000e+00 2.500000000000000000e-01
0.000000000000000000e+00 0.000000000000000000e+00
1.000000000000000000e+00 0.000000000000000000e+00
1.000000000000000000e+00 5.000000000000000000e-01
4.250000000000000444e-01 2.999999999999999889e-01
7.774726864492936818e-01 3.660160424812187174e-01
5.000000000000000000e-01 4.000000000000000222e-01
3.441941738241592330e-01 3.441941738241592330e-01
3.624999999999999889e-01 2.999999999999999889e-01
3.937500000000000444e-01 3.388325214724776657e-01
3.220970869120796110e-01 3.220970869120796110e-01
3.312499999999999889e-01 2.999999999999999889e-01
3.468749999999999889e-01 3.194162607362388551e-01
3.724381088956417729e-01 3.239927172801990163e-01
3.937500000000000444e-01 2.999999999999999889e-01
2.858007093938927934e-01 3.804905513423460506e-01
5.562499999999999112e-01 2.999999999999999889e-01
4.093750000000000444e-01 3.194162607362388551e-01
4.420166862522120765e-01 3.415745558658322967e-01
5.124999999999999556e-01 2.999999999999999889e-01
4.363106656680794670e-01 3.721123787159669738e-01
4.687500000000000000e-01 2.999999999999999889e-01
4.212302511916757863e-01 3.449517749937993094e-01
4.500000000000000111e-01 4.000000000000000222e-01
4.700177991488586060e-01 3.505925514302114521e-01
5.007235817357265084e-01 3.232009336074114780e-01
3.720970869120796554e-01 3.720970869120796554e-01
4.627843795563572615e-01 3.764207822911017631e-01
4.250000000000000444e-01 4.000000000000000222e-01
4.375000000000000000e-01 4.535646634809868960e-01
4.125000000000000333e-01 4.311578842926567234e-01
3.715164429513597155e-01 3.480395770008553602e-01
4.924261651551428698e-01 3.707952145827323465e-01
4.749999999999999778e-01 4.000000000000000222e-01
4.874999999999999889e-01 4.486600945013098918e-01
4.625000000000000222e-01 4.291466223601358987e-01
4.065090427729355915e-01 3.708923092846281300e-01
4.927078357330504921e-01 3.479540175245966482e-01
5.500000000000000444e-01 4.000000000000000222e-01
5.153231628788749186e-01 3.447374044843972141e-01
5.250000000000000222e-01 4.000000000000000222e-01
2.835086043675855150e-01 3.385884825444940849e-01
3.769915365233725280e-01 4.959259373678086558e-01
5.000000000000000000e-01 0.000000000000000000e+00
4.906249999999999778e-01 2.999999999999999889e-01
5.343749999999999334e-01 2.754237777929227637e-01
4.693308648193169619e-01 2.654862910044595292e-01
4.626576778752657937e-01 3.254648281581861147e-01
4.402471574200414461e-01 3.180290454957041546e-01
5.015624999999999112e-01 2.778416625547825425e-01
5.015624999999999112e-01 2.531309194541364604e-01
4.876067971194488204e-01 4.227519566860173938e-01
5.250000000000000222e-01 4.283690579347362304e-01
4.628316174554550910e-01 4.544930782618610832e-01
2.272473140337278597e-01 6.078327093988732388e-01
4.487507814302473252e-01 4.926376165820908204e-01
4.810743446124711720e-01 4.765644878512878546e-01
5.242711355786840999e-01 4.718195570642909065e-01
4.695831684132493744e-01 4.939937853312242888e-01
1.786900706425584850e-01 6.390075048257377599e-01
4.602419576294691228e-01 4.752083191021543862e-01
5.039550999605938442e-01 4.858663404866990776e-01
6.539818794232923893e-02 7.860192346401403407e-01
4.564877680799815929e-01 5.344715480965177568e-01
5.451770888917538693e-01 4.979745684749371515e-01
3.684140597064066713e-01 5.390754988274447657e-01
3.280346978894795873e-01 5.565387431412083252e-01
5.633121413900167296e-01 5.119589008299559874e-01
4.374331048540851530e-01 4.284892390557732966e-01
5.375000000000000888e-01 3.693326332558788394e-01
2.994948154239657767e-01 3.226022714881138231e-01
3.114255704706830330e-01 3.505192375912113412e-01
2.715778493208682587e-01 3.106715164413965669e-01
2.912161218806518237e-01 3.591805951207579506e-01
2.544866212785397708e-01 3.611897530301204640e-01
2.236295112409441566e-01 2.187348331180931915e-01
2.563726521013795501e-01 3.336775779626955374e-01
2.749791846668043216e-01 2.765454676759203090e-01
1.964824207252950650e-01 3.433926812428007569e-01
2.189459442694618452e-01 2.924137172369348781e-01
2.275611082787184769e-01 3.455232057293421977e-01
2.429298597012473637e-01 3.082651989822226546e-01
2.074569314156229916e-01 4.110467210952659656e-01
2.136624794590453180e-01 3.205242746471814175e-01
2.453000432874302694e-01 2.786089733546923131e-01
2.098636442502086474e-01 3.759391798821051789e-01
1.560749099465410794e-01 2.951487153587142864e-01
2.611703155124903142e-01 2.924016704322449645e-01
2.288237693690258201e-01 2.414166311387954955e-01
2.321751327643742091e-01 3.685644664561128492e-01
2.539734310023730735e-01 3.970751365938540722e-01
1.878295505216525108e-01 3.011170966895260204e-01
2.203841140442431290e-01 2.631011070824733622e-01
1.845098689081331733e-01 2.653274635377786961e-01
4.144800182261060839e-01 1.612190773025725665e-01
2.032374585482682461e-01 2.769514233583705853e-01
2.458591547057124571e-01 2.572671808259097692e-01
6.250000000000000000e-01 0.000000000000000000e+00
4.540498293153478193e-01 1.473176270581754432e-01
4.468750000000000222e-01 2.823701018547509767e-01
4.093750000000000444e-01 2.582265685406474054e-01
4.406947350506707495e-01 2.507748852424765418e-01
4.241189008640557923e-01 2.765206521901400483e-01
5.343749999999999334e-01 2.999999999999999889e-01
5.453124999999998668e-01 3.310832381400782842e-01
5.781250000000000000e-01 2.585058770264473393e-01
3.490889083911934421e-01 4.385109756053036101e-01
4.023029954598630331e-01 4.676850881099274826e-01
5.246034737130031989e-01 4.929865869193826855e-01
5.767422621392451765e-01 4.513115495995613236e-01
5.152249618787894114e-01 3.781345208534119817e-01
5.632110655886610751e-01 3.527633356874687043e-01
3.344635391165751148e-01 3.818277216196638291e-01
3.231807755307196661e-01 2.401310581252838749e-01
1.334393426038023300e-01 3.883363599654874321e-01
2.279379410179792620e-01 3.948144835194234425e-01
2.381124942725722782e-01 4.286892814863122458e-01
2.649382282638925723e-01 3.792855808428510778e-01
1.664287068617786580e-01 3.275206896918125832e-01
1.745521919051031823e-01 2.842998675844255474e-01
1.463263899522383171e-01 2.573861912234525207e-01
3.906240235973252872e-01 1.653160883066963627e-01
9.618935183102711450e-02 2.455228692331245521e-01
3.781250000000000444e-01 2.703466849102414415e-01
4.721831987873743586e-01 2.247079650464259282e-01
5.240887132241451862e-01 3.210854660128620308e-01
5.999999999999999778e-01 3.312499999999999889e-01
5.353541207639419541e-01 3.489717786420681866e-01
5.999999999999999778e-01 3.499999999999999778e-01
5.594178330553460921e-01 2.751569014787107470e-01
5.465401014282124104e-01 2.418548525741836264e-01
5.781250000000000000e-01 2.999999999999999889e-01
6.201608799691179508e-01 2.628583984416562047e-01
3.797924318327247639e-01 4.261932572578613354e-01
2.940054783462602295e-01 4.350681914066767964e-01
4.164165308464532478e-01 4.519381402019247429e-01
5.536981004941793350e-01 4.697309706400156215e-01
5.375321362353805421e-01 4.503106421811786664e-01
5.948110685953219567e-01 4.975418151183176874e-01
5.699267348159362534e-01 4.900342837445845756e-01
5.885354794618029572e-01 4.733484173443908705e-01
0.000000000000000000e+00 8.750000000000000000e-01
6.223712685811912948e-01 4.410668526495995501e-01
6.243155524900582121e-01 4.769779496960679377e-01
6.009772750977530054e-01 4.525160303398713668e-01
5.901252764766912184e-01 4.264508678025380473e-01
5.610820167804618785e-01 4.268488023903554973e-01
5.749999999999999556e-01 4.000000000000000222e-01
5.556130504679263060e-01 3.798309444850898053e-01
3.303851194795286439e-01 3.606984302295013767e-01
3.102866344682350119e-01 3.755361396845392497e-01
3.145639031924712947e-01 4.086982672481436207e-01
3.156249999999999889e-01 2.716276986556907524e-01
1.702049730815795858e-01 3.732204753073634640e-01
1.849840004325223053e-01 4.855501976208983494e-01
1.879758581380916727e-01 3.231104679238028798e-01
7.158381233851977832e-02 4.296760614931501854e-01
4.228896508589590764e-01 7.846199859470444349e-02
1.685936893308773721e-01 2.265028476662228618e-01
2.076368543769372133e-01 2.359744980948939030e-01
2.994008905848096758e-01 1.891058246012982391e-01
3.991505210714092478e-01 2.782111038785619606e-01
1.473610460721182791e-01 2.105716715945742390e-01
4.802536200067117900e-01 2.457613887687844501e-01
4.988192465792488650e-01 2.265710847823795560e-01
5.215815556040050982e-01 2.376416486657109972e-01
5.339200422498436849e-01 1.833361498055932903e-01
5.385845257477305248e-01 2.129503772905264047e-01
4.885291401803127931e-01 1.823509731355795194e-01
5.125747314325966864e-01 2.018726720991197987e-01
7.500000000000000000e-01 0.000000000000000000e+00
4.868718809970274952e-01 2.060439403441071127e-01
4.491950143598646417e-01 1.915041010841119495e-01
5.762751401989021360e-01 2.181236039531151416e-01
5.563209864508100733e-01 2.236157216520195390e-01
5.598923143917601264e-01 1.975960721604415604e-01
6.031838458900727895e-01 1.798467707988377906e-01
5.570634509231985332e-01 1.719661891963196743e-01
5.274980803957513009e-01 1.410252932560325800e-01
5.318772444546604472e-01 7.325977737269585843e-02
5.471685517883122518e-01 1.518252491939841298e-01
5.980990678526377780e-01 2.126818703585782178e-01
5.841331521989682196e-01 1.950509463129138366e-01
5.853036110590237318e-01 1.455912145144501180e-01
5.723492321006300454e-01 1.252594576108586044e-01
5.318649133731701006e-01 1.030317819385863504e-01
5.067639577633644699e-01 8.925025077055849521e-02
5.065601215769761634e-01 1.193710526564628061e-01
6.005502804870498368e-01 2.410155379867893743e-01
5.482731592036482748e-01 1.265000166959631966e-01
6.325955332538290010e-01 1.490289772393728063e-01
6.194476499136395420e-01 2.197624301340532493e-01
6.223889702405513979e-01 1.076694580821929287e-01
5.482689630737132003e-01 5.235101149606447707e-02
4.960900731273656383e-01 1.504445769343025763e-01
3.751542430042280052e-01 1.866112376651714588e-01
5.663742849195693152e-01 8.816007032404377108e-02
3.953394241786999386e-01 1.937747656876956659e-01
6.401734976107401609e-01 3.406249999999999556e-01
5.999999999999999778e-01 3.750000000000000000e-01
5.724700137339513439e-01 3.268910106514592573e-01
3.740026598368300093e-01 4.561866259879904795e-01
3.937528132507249756e-01 4.444435993279419184e-01
3.826337691483824854e-01 4.755195177346910884e-01
3.514052529588239659e-01 4.778682797225923262e-01
3.542501220496007686e-01 4.069508430391250431e-01
2.670255828888049576e-01 4.234092694228300813e-01
2.768470954713166399e-01 4.021397448867702340e-01
2.612802015543594925e-01 4.737511791585723997e-01
2.565245798048924053e-01 4.477096263336068360e-01
2.804606414707936923e-01 4.567935067002955596e-01
3.168119037577968866e-01 4.643720366490897145e-01
2.925470699527893959e-01 4.897903098862870785e-01
2.212689401074491302e-01 4.676028983016143337e-01
2.423381909500063602e-01 4.637553017997734228e-01
2.373638458141220375e-01 4.961269237847695246e-01
1.662113369303587773e-01 6.633169723814763552e-01
5.735024789794817002e-01 5.891139603380657341e-01
7.002860436767104346e-01 4.548566046412355623e-01
3.216335035884786975e-01 4.354086479963638623e-01
3.348384413490174683e-01 4.176228484438856414e-01
2.959291836082885707e-01 2.792695504933155881e-01
2.886819093166655414e-01 2.530841672045038848e-01
4.793788521892209942e-01 1.041260184852951520e-01
2.114926925367902610e-01 1.578664025124159043e-01
3.967607891758103134e-01 1.419016891657606805e-01
1.954342221874647012e-01 2.178196654986411240e-01
2.104588881053246763e-01 1.897167588300839869e-01
4.331723607493594974e-01 1.492706608701382665e-01
4.050197335289214551e-01 1.116930660032862399e-01
3.233671700263748283e-01 1.799515349814036769e-01
5.030777995760088439e-01 6.571230212540390969e-02
4.641995902220764081e-01 8.833621292464705066e-02
3.282241283703721257e-01 2.100566287079829453e-01
3.146970699438635943e-01 1.375062224008081480e-01
3.466995610849646914e-01 2.624276175952116041e-01
1.907052938280199839e-01 3.647919381156772833e-01
1.888309522486012471e-01 3.921335982013147148e-01
1.613851473037790085e-01 4.377908730327803033e-01
1.809809412907964488e-01 4.184925872546993997e-01
2.019753991685122319e-01 4.423500630225625230e-01
1.531440760878585716e-01 4.098246677458027287e-01
0.000000000000000000e+00 3.750000000000000000e-01
1.549511255474651239e-01 3.883888534800727932e-01
1.442586324538401577e-01 3.623820229929717862e-01
1.215082042487539843e-01 4.190559426644079322e-01
1.643770476696398974e-01 3.506961355494071508e-01
8.007316140337870924e-02 3.199400673397937989e-01
1.328162980699744977e-01 3.204294675263673065e-01
3.664793874271378704e-01 1.670279653775180728e-01
1.876860588453021228e-01 2.449448903162186053e-01
1.671543621615890485e-01 2.530086177565135097e-01
2.500000000000000000e-01 0.000000000000000000e+00
3.847326437624795092e-01 2.410366533894247321e-01
3.567435326072401214e-01 2.357789280362599660e-01
4.146861940094893617e-01 2.133062304695641231e-01
3.942213453164019610e-01 2.212433935942474394e-01
4.322829993658717784e-01 1.271036276771497220e-01
4.544122297993400394e-01 1.127070054561246093e-01
4.218187179600866865e-01 1.863840539323960155e-01
4.411908103940067605e-01 9.324654791310363344e-02
2.631311897019816270e-01 2.216243846870475653e-01
1.463986267366572946e-01 2.339690943666646872e-01
4.807277379166894904e-01 7.396442502977008948e-02
1.169897177862615767e-01 2.210408959393534711e-01
3.480637719213712789e-01 1.868985792130287982e-01
4.389192909283561872e-01 1.706982393093187389e-01
4.666472158257147784e-01 1.640803502230709365e-01
5.341015703881047960e-01 2.801485475320277321e-02
3.027961644336721880e-01 1.620453193298445060e-01
3.371435903434726877e-01 1.583091272603863175e-01
4.701601005384617449e-01 1.338959209105872183e-01
3.750000000000000000e-01 0.000000000000000000e+00
3.668967216725749214e-01 2.063741072501542595e-01
3.581636979608098792e-01 1.412956163518429009e-01
3.483419460517124810e-01 2.164226371846012797e-01
2.566845772121138514e-01 1.700029663377085332e-01
3.373729595875626930e-01 1.285890098616086774e-01
4.579057246012331883e-01 6.440808931039118668e-02
4.375000000000000000e-01 0.000000000000000000e+00
3.776916616506597046e-01 1.269884104785418966e-01
4.780568628233798911e-01 4.831346609206225301e-02
2.809524784341507209e-01 1.730478529560260659e-01
2.750602945277514921e-01 1.984435024379001822e-01
2.737277795323447838e-01 1.323984238219848286e-01
2.976632212410572631e-01 2.209694763063548839e-01
3.071845724284302248e-01 1.115157682738333045e-01
2.932983899944472950e-01 1.422837310127090249e-01
5.994215269660628786e-01 1.223031646179315035e-01
5.008590077015305786e-01 3.626492024022343746e-02
5.217179910248516128e-01 5.330537674614263532e-02
5.837678095610492335e-01 1.043896341644536263e-01
6.067940059708245570e-01 6.227676888195823879e-02
5.898946397209942072e-01 8.038813319108040201e-02
5.717150359041929253e-01 6.484687475547251667e-02
6.134014436130733605e-01 8.538196128705680121e-02
5.745026245491974271e-01 3.137255908846498659e-02
6.596025990256513261e-01 5.967235813336100453e-02
6.335021887941820751e-01 6.713634415078495454e-02
5.533724606248010547e-01 1.054645667221561639e-01
6.091798447888041590e-01 1.441423276842274948e-01
6.257326787733157314e-01 3.401374644003991865e-02
6.555822043030016255e-01 9.498020820044972279e-02
5.173349566223013341e-01 1.642106494789417892e-01
6.248269307368802261e-01 3.156249999999999889e-01
6.241958446062110255e-01 2.890911999518851472e-01
6.783844096900220055e-01 2.673295382790277785e-01
6.660701195307052735e-01 3.075176880996503548e-01
6.487509459675302459e-01 2.718875714021088408e-01
6.469579336006467951e-01 3.192499456789019141e-01
6.722680576280037901e-01 3.390475878026941170e-01
6.428070932621274824e-01 2.409297218666457130e-01
6.660150923865942874e-01 2.855201045275920224e-01
7.016196212296920143e-01 2.964299001045627713e-01
3.555141731618484124e-01 3.856019314042896662e-01
3.770852222784465968e-01 4.032132061633640352e-01
2.942085454743628703e-01 4.140277013956096264e-01
3.388925781073150456e-01 4.588578883827829080e-01
2.967706868168044076e-01 4.695312615667578959e-01
3.244279223138085699e-01 4.959334572068089253e-01
2.108860129643025660e-01 4.922643979023213490e-01
2.158491334260147498e-01 5.509267090958014368e-01
1.889256749420031578e-01 5.236634584771524548e-01
2.202123738740500991e-01 5.210164496483163932e-01
2.700101376321505375e-01 5.369779511345948997e-01
2.417659788262586096e-01 5.394340199006664172e-01
2.539844289855495152e-01 5.163147390639198919e-01
2.799286314188487168e-01 5.127393804188028481e-01
2.644306458022605555e-01 4.961982534033965164e-01
2.046153165252533324e-01 6.388049390648239401e-01
2.938682369605876143e-01 5.325921312788961526e-01
3.131191579360302901e-01 5.175731950251252211e-01
5.950460389162406938e-02 7.631435650032062368e-01
5.000000000000000000e-01 1.000000000000000000e+00
6.284521974650612020e-01 5.518343371795354502e-01
4.990235426740627367e-01 5.336673913621389209e-01
5.922551908188931069e-01 5.657262218060431502e-01
6.006151202704542724e-01 5.278670177971913624e-01
6.597196485417321510e-01 4.570529337926289570e-01
3.591592038434971434e-01 2.792964193550270258e-01
3.348615541270096307e-01 2.795224722707520537e-01
2.175594459516908830e-01 4.289473805936824258e-01
1.977027422813497637e-01 4.656111297454130771e-01
1.711289337797410881e-01 4.626862688814968871e-01
1.290685211549594813e-01 5.038039125617124192e-01
1.312328582364736818e-01 4.639466540079840162e-01
1.548963917538545010e-01 4.881527586097487714e-01
1.509569237082530324e-01 4.562268698534042155e-01
1.716132659597889853e-01 5.061934538284785789e-01
1.479863473892093773e-01 5.469203554628992991e-01
1.653096450467028133e-01 5.297533300385571797e-01
1.844225228142701567e-01 5.550360620907113240e-01
1.421954612984057398e-01 5.237527457317023849e-01
0.000000000000000000e+00 8.125000000000000000e-01
1.154247694201004232e-01 5.270752968871258437e-01
7.541522269435974035e-02 4.908106249889019890e-01
1.008838761889383762e-01 5.029148526995897983e-01
0.000000000000000000e+00 7.500000000000000000e-01
9.989697706080714890e-02 4.721448327839691261e-01
7.901918275707364714e-02 5.160740549997218096e-01
1.066558125872445195e-01 6.556638496808000482e-01
9.780938690896032184e-02 4.303050513624570583e-01
1.516407259761305693e-01 3.144086946942761251e-01
1.266775359122363220e-01 3.446404773487787288e-01
1.191708955834285821e-01 2.845360398858447493e-01
4.208249350491617413e-01 2.368062054715038556e-01
1.223828351206132231e-01 2.467001811109520160e-01
1.268117454996716964e-01 1.589498787878370623e-01
1.752058551041001666e-01 1.889371928901403264e-01
2.395975211596252652e-01 1.939893724675920417e-01
2.322736918070092138e-01 1.706928326931266282e-01
2.390583817789767584e-01 1.364528881338581690e-01
2.438151480135252736e-01 2.142356995130546005e-01
2.806289969888637881e-01 2.335188415660927053e-01
3.541500195697036002e-01 6.369860664033485942e-02
4.484885961937926657e-01 3.195510900742721400e-02
4.255312855800944538e-01 1.072268849414877989e-01
5.625000000000000000e-01 0.000000000000000000e+00
6.875000000000000000e-01 0.000000000000000000e+00
6.474351900739013788e-01 1.234277664241779648e-01
7.124600525128429451e-01 1.266596703345765351e-01
6.803247243707986058e-01 1.174565263047431807e-01
6.698899394084499859e-01 1.535450715993928461e-01
6.522102603306472179e-01 1.432971043412235579e-01
6.490915367848515416e-01 1.690518679330920426e-01
6.927153911879627701e-01 2.058608472652475041e-01
6.254889508001149068e-01 1.716904080140196631e-01
6.751983872786562202e-01 1.823662651333368967e-01
6.403763058782837581e-01 1.979769516054398493e-01
7.049915184721843309e-01 1.619793338671170480e-01
6.177477296460024414e-01 1.971838623322851591e-01
6.656675560020313132e-01 2.077496498276940051e-01
6.979629527103659026e-01 1.836709670396252936e-01
7.479534368408118361e-01 1.878844608448027864e-01
7.216756694763636348e-01 2.009940791683906269e-01
6.812009586292777641e-01 2.355812683891266301e-01
6.467236599742186565e-01 2.191629083299446723e-01
7.257118840387521974e-01 1.761932909382205037e-01
7.584611368523271890e-01 1.408923607008559786e-01
7.468569478701801989e-01 1.629684389747839135e-01
7.330351598467089724e-01 1.416151962750945015e-01
7.978756071839110398e-01 3.577191543273500196e-01
7.446877307739050433e-01 1.039532445148179385e-01
7.800533100869483372e-01 1.739896916186354781e-01
8.581735821706045764e-01 4.721845424958289184e-01
8.408840558841126356e-01 4.125863749613146725e-01
7.469180742602693490e-01 2.284030030003424416e-01
7.415768323159572795e-01 2.079940199744952922e-01
6.589691139820289534e-01 3.957548714865698480e-01
6.892592939912454142e-01 3.193334389154109387e-01
7.445122715675409619e-01 3.343647402716776185e-01
7.186396560863731464e-01 3.204020947389154550e-01
7.029159204711955544e-01 3.482830964156766740e-01
7.504054385989165077e-01 2.798205546877546857e-01
7.427980244630026929e-01 3.065890731196648789e-01
7.257216536722210787e-01 2.872708508468603261e-01
7.295703456297795153e-01 2.554066422323812424e-01
8.704622791468383802e-01 3.941314632014797370e-01
7.116981293461507319e-01 2.302207103720254611e-01
8.416762038606457885e-01 4.434387503277749665e-01
7.026311976199008935e-01 2.555888328486758954e-01
8.856904227051892731e-01 4.906590531920579923e-01
7.841308836916188740e-01 3.217094660604409850e-01
8.196730488927039815e-01 3.885610830919472569e-01
7.687089804475871757e-01 3.916152609526846184e-01
8.031114167327538800e-01 3.286399701721025024e-01
3.470876824310049624e-01 5.005963694842315848e-01
3.078566105584790713e-01 5.689353048388215983e-01
2.863818147860380248e-01 5.589521642111352495e-01
6.371000415613333745e-01 4.582775952898807681e-01
1.209416723095812357e-01 4.426773495301238315e-01
1.002284673354937872e-01 7.563324744853606729e-01
1.195557662786460584e-01 4.832999555663987090e-01
1.063850962713586007e-01 3.266115243029358295e-01
8.416974637949520277e-02 4.519575700775583793e-01
8.579961674963568208e-02 3.840005344906841644e-01
0.000000000000000000e+00 6.875000000000000000e-01
1.002937881144834037e-01 4.049509693467216453e-01
0.000000000000000000e+00 4.375000000000000000e-01
5.982937569354095098e-02 4.737609130919855915e-01
8.511340610646919713e-02 6.443278920847190783e-01
9.879490133888418901e-02 3.013246321761602342e-01
8.602353671133958213e-02 3.516943364419152229e-01
5.443572357488251495e-02 2.754341816257499520e-01
9.308037644624657381e-02 2.736297483792039520e-01
7.317256026451821049e-02 2.942780163593413101e-01
1.120633584245922382e-01 2.648784085776820230e-01
7.294771570383899728e-02 2.571774366190586747e-01
1.043695151773387925e-01 2.018723233283266916e-01
1.034919365853670947e-01 1.789390822654201851e-01
0.000000000000000000e+00 3.125000000000000000e-01
3.996728396995697513e-02 3.169658344982114184e-01
5.104784537083480178e-02 2.975399634277706706e-01
0.000000000000000000e+00 2.812500000000000000e-01
2.767766330783692427e-02 2.826458064471853437e-01
3.653241962499039625e-02 2.622530986501195871e-01
1.349690994653018894e-01 2.990705873549469040e-01
0.000000000000000000e+00 1.250000000000000000e-01
1.926349354475604680e-01 1.982553076497434452e-01
1.931886795946978486e-01 1.732142435228526678e-01
1.556788270025121490e-01 1.484582941136199652e-01
1.849877488308692142e-01 1.448450090959905456e-01
1.710216054535091401e-01 1.660063053446705350e-01
1.475892792366442496e-01 1.821292520222935196e-01
1.949239009834985992e-01 8.642647963417467161e-02
1.250000000000000000e-01 0.000000000000000000e+00
2.579713996908680196e-01 1.479217349181327912e-01
2.486903363535764577e-01 6.856010988853875054e-02
3.370711385011336270e-01 9.389696535810354572e-02
3.758561940371353827e-01 9.164789694207470250e-02
4.333735289932170165e-01 5.393397323035852009e-02
3.928108359734800992e-01 5.110103152877097654e-02
4.155083639030153209e-01 2.913117745406317363e-02
4.126003578608795075e-01 5.955955734652011030e-02
3.979029279175328448e-01 7.981154891471543833e-02
4.687500000000000000e-01 0.000000000000000000e+00
4.792787911846485005e-01 2.302493332500234191e-02
5.312500000000000000e-01 0.000000000000000000e+00
5.937500000000000000e-01 0.000000000000000000e+00
5.998867668162324307e-01 3.717153371782710297e-02
7.007382942218974842e-01 1.068831637685484365e-01
6.912092212797874557e-01 1.401565630429188747e-01
6.636432560806512226e-01 2.500227062238652431e-01
7.070676987798135693e-01 8.478229348410643018e-02
6.574817760085118756e-01 3.654929919737012201e-01
6.886237849066721983e-01 3.791298868786622256e-01
6.283482052803470719e-01 3.820923650821678175e-01
6.784941744023942345e-01 3.598851547163260389e-01
6.361350156499994135e-01 3.618931399282107053e-01
8.671232007848191925e-01 4.288345699087363627e-01
7.745955420377598211e-01 3.395243413423944534e-01
7.785586425151542755e-01 3.022867306702162193e-01
7.556012321150975541e-01 3.634166169969891280e-01
1.000000000000000000e+00 2.500000000000000000e-01
7.273704496965047728e-01 3.936851038844153550e-01
7.289426121007709369e-01 3.569498434446585766e-01
7.476202286547104503e-01 3.842722751402483095e-01
7.491066072873711068e-01 4.139579618520495830e-01
7.176058830502790586e-01 4.259434474770341095e-01
7.908298506768933755e-01 4.307934344108396152e-01
7.729140755650001360e-01 4.150750254870633205e-01
7.795330427204560930e-01 2.089639077804573142e-01
7.594143406124409523e-01 4.485313318160225604e-01
5.346665205621958794e-01 5.331743059255565909e-01
6.231686314043339836e-01 5.067804327513302232e-01
6.567249877995779972e-01 4.931485075639247539e-01
5.070668149214381248e-01 5.103422869396515571e-01
6.436561934948681341e-01 5.090954920937176276e-01
6.726519313817036494e-01 5.195294072805884955e-01
6.922849599242789642e-01 4.896781191415843781e-01
2.040962279468989393e-01 5.832688647600408061e-01
2.573887399178844682e-01 5.554634387769564752e-01
1.097939317074603793e-01 3.680129682846081107e-01
1.127687942077622296e-01 3.884687570271442847e-01
4.415257411300775592e-02 3.675579964474221528e-01
6.281849062728675492e-02 1.919789308211246326e-01
9.325110849397300061e-02 2.219492932854132128e-01
5.938987143214721764e-02 2.403790651905274578e-01
1.248844708444335344e-01 1.896038729137446699e-01
7.232324274133085373e-02 1.189797718492028172e-01
1.622279743055918544e-01 1.038495984817194018e-01
9.490372602915246592e-02 1.453226201800616735e-01
1.366105405515483373e-01 1.409518106022139561e-01
5.838982797729974639e-02 3.404379177540899359e-01
2.114427640627071850e-02 3.043457420146289949e-01
2.073020863364833100e-01 1.102315699677300365e-01
2.066227768306398704e-01 1.342930788120208774e-01
2.769908031243679680e-01 1.535986757714278006e-01
2.528084751304399691e-01 1.037739828632111838e-01
3.272117268790397659e-01 1.113300774990418907e-01
2.983072214598384009e-01 6.229970834504339888e-02
3.568686816876037726e-01 1.110720617363907675e-01
3.559938282258000575e-01 8.467010110366582354e-02
3.770403254250662695e-01 6.832482237910557366e-02
4.062500000000000000e-01 0.000000000000000000e+00
3.682891357759270345e-01 4.146821439353902405e-02
3.126615854774832948e-01 3.280332625094208032e-02
3.125000000000000000e-01 0.000000000000000000e+00
3.262369603547487507e-01 6.266623836503418254e-02
5.139246244901363170e-01 1.781280099814166323e-02
5.550381676643558748e-01 2.083705699763154645e-02
6.093750000000000000e-01 1.651275505880398994e-02
6.562500000000000000e-01 0.000000000000000000e+00
6.812168966802701897e-01 8.933572186787266944e-02
6.331956227570014750e-01 4.123737589381781254e-01
6.604781051973083184e-01 4.263900213036698195e-01
6.121173826812876806e-01 4.208103465533105658e-01
6.792578909858634217e-01 4.421953817076466620e-01
6.889284778646918017e-01 4.116452124249314615e-01
5.771379855838045803e-01 3.712728978860468376e-01
7.124161476568283691e-01 3.746438309990086646e-01
7.049784970878604229e-01 3.958779935889997215e-01
8.107714988278506008e-01 4.193488058632206528e-01
8.253217818250961901e-01 4.677978270355208634e-01
8.123935406400661918e-01 4.452710638601253268e-01
7.876006727170115074e-01 4.744730140340266966e-01
7.877722894538077281e-01 3.854848818274738687e-01
8.614972850041905383e-01 4.969637767557507635e-01
7.299905880052410811e-01 4.530063808892942911e-01
7.615537840031552097e-01 3.193722461037404869e-01
7.501883672567107864e-01 4.868390420695757892e-01
8.408780136976737873e-01 3.504509340565569175e-01
7.382657965502518183e-01 4.328541805046673407e-01
8.351768526429288464e-01 3.167200293587799087e-01
8.180684253757775082e-01 3.463439873243733258e-01
7.165707362302481398e-01 4.769283843064039408e-01
7.469891083982284075e-01 4.658036970628323115e-01
7.227002495794461190e-01 5.181086387529380000e-01
7.124520183547742302e-01 4.985877424933956581e-01
6.730329038214549753e-01 4.763294774144291588e-01
2.293651746789390766e-01 5.741448790037895211e-01
1.137773040076590775e-01 6.917036879368748670e-01
1.483006066135398593e-01 6.079168972053775599e-01
6.815622341064567213e-02 3.677243699780792241e-01
5.593934427934939280e-02 3.986683084825199397e-01
0.000000000000000000e+00 2.187500000000000000e-01
1.842013400777963439e-01 1.110217736158509716e-01
2.182981224780032037e-01 6.693344295160129354e-02
2.352998117480817331e-01 3.401175472208998324e-02
1.875000000000000000e-01 0.000000000000000000e+00
1.679694606296345261e-01 1.274776233081058585e-01
2.323934357977475440e-01 8.831371259656506378e-02
1.795375871848633453e-01 4.421604957634819866e-02
2.342138355454241316e-01 5.430184623713117664e-02
2.122350461837412827e-01 4.295137889005047616e-02
2.572786011097645820e-01 4.536222206917068372e-02
2.187500000000000000e-01 0.000000000000000000e+00
2.733831003026820361e-01 6.451309699774335216e-02
2.881657470599768844e-01 8.953763407686902986e-02
1.948286881502318546e-01 6.255170382455904621e-02
1.676303565013556041e-01 7.459774878981065283e-02
2.843027725631189218e-01 1.120985249833758718e-01
2.660785034596609977e-01 8.570662891985751652e-02
1.118926348846482899e-01 7.942861413635711465e-02
1.404276014205856349e-01 8.469859866021110795e-02
1.352273881540435319e-01 1.126018475410546782e-01
1.335219467580681663e-01 4.220209789688329771e-02
1.141538741757749664e-01 1.278387153462411108e-01
1.127085706048566449e-01 1.036483636499672401e-01
8.535317691107438542e-02 9.244631691561995546e-02
1.293694659062874786e-01 6.468620607791240873e-02
6.250000000000000000e-02 0.000000000000000000e+00
3.525625561106680850e-02 6.776892554328597940e-02
5.780110633966993594e-02 9.538223468432473207e-02
3.639733512247075170e-02 1.248216030061257559e-01
9.375000000000000000e-02 0.000000000000000000e+00
6.974988422672193100e-02 7.676640969269291070e-02
7.745693598931259471e-02 1.676851354956381268e-01
0.000000000000000000e+00 1.875000000000000000e-01
2.551740167313477081e-01 1.240015385538213860e-01
2.310256274740098981e-01 1.138407757061713071e-01
2.812500000000000000e-01 0.000000000000000000e+00
2.839100757032840261e-01 4.161615026070017431e-02
3.544544591629515962e-01 2.166027235890246108e-02
3.409872848179651417e-01 4.171988501206381345e-02
4.329499073889506722e-01 1.943157975759849179e-02
6.718750000000000000e-01 2.905249293250947162e-02
6.406250000000000000e-01 1.667819149834215767e-02
6.971542695028418724e-01 4.310547539593255761e-01
7.821508397807201973e-01 4.521109601404983414e-01
7.930348154048840748e-01 4.066528526309495795e-01
7.684928398653947390e-01 1.913086988247745812e-01
8.547284611724734749e-01 1.925915175557982584e-01
7.926404702191232055e-01 2.557672631519727346e-01
8.890295010672085718e-01 4.559559464848014221e-01
8.323487645011207192e-01 5.403790099757438403e-01
8.455326722736408174e-01 3.871064527374304398e-01
8.098691437939964377e-01 2.977296555706415160e-01
8.736038153334195755e-01 3.275724000463733909e-01
1.340897507013860679e-01 7.084223249053389626e-01
2.863826225516547530e-01 6.445523863840700862e-01
3.167839533863978096e-01 5.941536008742883679e-01
6.086444697229967948e-01 5.867156168694944718e-01
3.466925198926120166e-01 5.826093661481256403e-01
2.957026870473394853e-01 6.158057237432293940e-01
6.286172926568722730e-01 5.289782164571871226e-01
4.827287397159705229e-01 5.149990548391889522e-01
6.504933374838174354e-01 5.356015217971519249e-01
1.760359824110275251e-01 6.132176769351734835e-01
1.675703205303836207e-01 5.823021582935368201e-01
2.913361858827184236e-01 5.859030836796932373e-01
7.733552217707248544e-02 4.073236677408983430e-01
5.882183599262318374e-01 5.449822173732933317e-01
9.712963155813184035e-02 6.745412116785960421e-01
2.060845705990824520e-02 2.491431762411307760e-01
4.050999654992460536e-02 1.619795853560384302e-01
1.951366003837039231e-01 2.420015591623604287e-02
2.343750000000000000e-01 1.342938814109009144e-02
3.132468757083185507e-01 8.466719126184449329e-02
1.561203962016880775e-01 5.256255442605051176e-02
1.702312171320312650e-01 2.087695699745282379e-02
1.048112490291554233e-01 5.330335078528827819e-02
1.562500000000000000e-01 0.000000000000000000e+00
7.678466026535619993e-02 4.935061659020646696e-02
6.984390901508694127e-02 2.461696077989809425e-02
3.125000000000000000e-02 0.000000000000000000e+00
0.000000000000000000e+00 6.250000000000000000e-02
5.605713345818365279e-02 5.864246464291490712e-02
2.930532486331127173e-01 2.013863470011712994e-02
2.673549653449393548e-01 2.167213409639828434e-02
3.437500000000000000e-01 0.000000000000000000e+00
3.315037905186120626e-01 1.952724622306946378e-02
7.187500000000000000e-01 3.553482441919943169e-02
6.502032420871490803e-01 3.813579491789841069e-02
8.152203985109308659e-01 1.920038058649621571e-01
7.763206782796792105e-01 2.762182037437501680e-01
7.599335102375839313e-01 2.533472789607602582e-01
7.990786310878842391e-01 2.776419409381030712e-01
8.427279408282674078e-01 2.529102852301721716e-01
8.180175617113542019e-01 2.601830504538789612e-01
8.108353658697113886e-01 2.263307102387266401e-01
8.385394200246546470e-01 2.842942266930436057e-01
7.709899196762652895e-01 2.317105223565962269e-01
8.779854485442815104e-01 4.724054989046657105e-01
8.669347523599254535e-01 4.513944770649574445e-01
8.512333577175744681e-01 5.988991339905644917e-01
1.000000000000000000e+00 6.250000000000000000e-01
8.373041473031916926e-01 5.032685003194433682e-01
8.622437038484110916e-01 3.663611291978977613e-01
8.614837380880120410e-01 3.450806661641777628e-01
1.660705459671866502e-01 6.972070109131811577e-01
5.139814140589181735e-01 5.913205643374592757e-01
6.596112659768664788e-01 5.710622597726159322e-01
3.176466625148073319e-01 6.388044412814612993e-01
5.197962358309784481e-01 5.606367277458345066e-01
5.405847955200880905e-01 6.617752994566805658e-01
5.021354955409986776e-01 5.731827772534563437e-01
5.469657471513101887e-01 6.359068639842401227e-01
6.489118261011493916e-01 6.082492314786959176e-01
5.670386698537889236e-01 6.183862968789171077e-01
6.361087858143900098e-01 5.853387395787237324e-01
6.226893790881707913e-01 6.093409055759437809e-01
5.839112410582081303e-01 5.153460037555386286e-01
3.647990930735148241e-01 5.159295816951410263e-01
2.604903202596680067e-01 6.202735668348910991e-01
2.608137954242769618e-01 5.775831568677394223e-01
6.698299157070323195e-01 5.941350787787432752e-01
3.359513327658427695e-01 6.128156337920618313e-01
9.165803949271256190e-02 7.007829900367370524e-01
1.367573976836697902e-01 6.428597792495303054e-01
5.663420744377680727e-01 5.600041832559020660e-01
5.430029051445343091e-01 5.554454445193083290e-01
1.319288713601335372e-01 7.346413812049341630e-01
3.981973356798046426e-01 5.225686445730066687e-01
5.940745470259265471e-01 6.090064338291201196e-01
0.000000000000000000e+00 7.812500000000000000e-01
4.833660007293183458e-01 6.512456923022796884e-01
6.960085306530647831e-01 5.750421695529552846e-01
1.940113663821605994e-01 6.019397445981349293e-01
1.345127502919598317e-01 5.774888529647045354e-01
1.639257317528571567e-01 5.612086469591111015e-01
1.860425500046540559e-01 5.748782640646434849e-01
3.393429864806331991e-02 2.179239361447363466e-01
5.751331453425346379e-02 1.412910640864939726e-01
1.462345843075889829e-01 2.182734698845236604e-02
0.000000000000000000e+00 1.562500000000000000e-01
2.433068637634532017e-02 1.944988143157158622e-01
0.000000000000000000e+00 9.375000000000000000e-02
0.000000000000000000e+00 3.125000000000000000e-02
4.992587171562898329e-02 3.635226199748425868e-02
6.965177984941007816e-01 2.357791079610161225e-02
7.187500000000000000e-01 0.000000000000000000e+00
6.936344593121370750e-01 5.558635991281276473e-02
7.931909121099933735e-01 1.916761009402266625e-01
8.346823326606237492e-01 2.119334693916738177e-01
8.682147960246865415e-01 2.266277922686580626e-01
8.316219941904774426e-01 2.338126195738015334e-01
8.598288150537880536e-01 3.028891956587843048e-01
8.939071744125000052e-01 3.545765650871457453e-01
8.917192304872939568e-01 3.012773759323941203e-01
7.916988710052678124e-01 2.348437963713672638e-01
1.000000000000000000e+00 3.750000000000000000e-01
8.400672424968197438e-01 4.825758767704502739e-01
8.799802397848895952e-01 5.183179159584686557e-01
8.602016297967924885e-01 5.380649094818716893e-01
9.495854781609383011e-01 5.038564766132166417e-01
9.103336045125323128e-01 5.101655137313737542e-01
8.449419237177261399e-01 5.231744780482603385e-01
1.000000000000000000e+00 7.500000000000000000e-01
5.373432421770849565e-01 6.110613433510792003e-01
4.259203901646135826e-01 5.953086105310472220e-01
5.056658553035897619e-01 6.248553776513325886e-01
1.546172266426079356e-01 6.293816236338819481e-01
5.227630247216216164e-01 6.436580033139374102e-01
0.000000000000000000e+00 6.250000000000000000e-01
0.000000000000000000e+00 5.625000000000000000e-01
3.392000719946025589e-02 4.960132345715685953e-01
6.599654115491311590e-02 7.028249953908172198e-01
1.357018654204081298e-01 6.821638139250585375e-01
7.634754475211597002e-02 6.706414951526828983e-01
5.629934786644409661e-02 5.064263810955470513e-01
8.054179424787609454e-02 7.233498419984467631e-01
5.788662924638182661e-02 5.342643331656319328e-01
4.333172068854210940e-02 7.459253059971293620e-01
6.534430988691605768e-02 7.402540820866039262e-01
1.076253628435791393e-01 7.226696732574370285e-01
8.894257810408519316e-02 5.489730682274422957e-01
4.808508723238302807e-01 5.691491783218588507e-01
4.181018766537926701e-01 6.261182042160913230e-01
1.216169122580806200e-01 5.535511780761986911e-01
1.012586208964684209e-01 5.799612070294015709e-01
3.854981769328251484e-02 2.383477253461847856e-01
1.723277173029163362e-02 2.292486064453680694e-01
5.828188439263055909e-02 2.159790692132644851e-01
4.293503644430805843e-02 1.834705819111385194e-01
1.827568874324125500e-02 1.406250000000000000e-01
1.852772067114708335e-02 1.713271964425556737e-01
1.568673691653574634e-02 7.812500000000000000e-02
2.415268352720003481e-02 1.023112558256147886e-01
2.090478026775869844e-02 4.634610308791085875e-02
7.343750000000000000e-01 1.776741220959971237e-02
7.465859539959422975e-01 6.741248004220211365e-02
7.487062989522658141e-01 4.612479599731003632e-02
7.190005126930573143e-01 6.160360063583708579e-02
7.317564932721339899e-01 8.283157370460611513e-02
7.660082939247727651e-01 7.638098417711308707e-02
6.779821024891165004e-01 6.898642141504215952e-02
9.529988940250589957e-01 7.328949410523500907e-01
8.741560869956942481e-01 2.700718622103034372e-01
9.112856981963702863e-01 4.155716221823418932e-01
9.017289198069523559e-01 3.275609782697456729e-01
9.115227203875083672e-01 3.671226269213814231e-01
9.486846435056992544e-01 3.557960314925991407e-01
9.233481176553263170e-01 3.042798365905884928e-01
9.214578256337035977e-01 3.479131289765334256e-01
1.000000000000000000e+00 3.125000000000000000e-01
9.259988493382045327e-01 3.831897616425727904e-01
9.008477033355871688e-01 3.912954800098219499e-01
9.422795909466613606e-01 3.269575824812721021e-01
8.840443087445902792e-01 3.754562216200965641e-01
9.636603615206615903e-01 2.898679215001574438e-01
1.000000000000000000e+00 3.437500000000000000e-01
9.461530787733468673e-01 3.044830714066920074e-01
9.350270403374842942e-01 2.733619072957974572e-01
9.348268220115523164e-01 4.692488055873323405e-01
1.000000000000000000e+00 5.625000000000000000e-01
9.095070226303156868e-01 5.676706087663739853e-01
5.703080169398784260e-01 5.337648496930810227e-01
6.727639858514206095e-01 6.191983389734014853e-01
4.258591133065818268e-01 6.569432832276529410e-01
4.867557500474621324e-01 5.961646196872183445e-01
6.006537767502625469e-01 6.716230718595725957e-01
6.425832133637916499e-01 6.534908479383138014e-01
5.665931985481299504e-01 6.544695662889370436e-01
6.366667292259171607e-01 6.295997754924517187e-01
4.449090175860424545e-01 6.090378818656526638e-01
6.163130946640205110e-01 6.473183614025810328e-01
5.652308394427655314e-01 6.995673806146940343e-01
4.345260552003685217e-01 5.615347285985970993e-01
4.641452761656633119e-01 6.224179871936021957e-01
5.084738350813932106e-01 6.755382919106321937e-01
4.038969320939804486e-02 5.212977558422895452e-01
9.490951325667837390e-02 5.292271361741609503e-01
4.564379504539834431e-01 5.886382600638748741e-01
1.196576043616465052e-01 6.025580306225991611e-01
1.309261567418134042e-01 6.215553954111646684e-01
1.013951636206823909e-01 6.262313845804668988e-01
5.505503694297569223e-02 5.803829970884808453e-01
3.873129308419900885e-02 8.794174742760155206e-02
8.750000000000000000e-01 0.000000000000000000e+00
7.822635158832806912e-01 1.109798328465256001e-01
8.959487605055821424e-01 1.959486373783065893e-01
8.751657707328108771e-01 2.900488070918625372e-01
8.536130025246404518e-01 2.703344845502104743e-01
8.651685668751133429e-01 2.491726783901921094e-01
9.063341721283809660e-01 2.432566656088012425e-01
8.919123422178126814e-01 4.312197421202673131e-01
9.185526584684045037e-01 4.443853518669660940e-01
8.871938966759668199e-01 4.092016844268416276e-01
9.759060084717996464e-01 3.106962235878041323e-01
9.354977169999929565e-01 4.247884812673011212e-01
9.429107030073419216e-01 4.012118913494722161e-01
9.694503704794790178e-01 4.225102284800779096e-01
1.000000000000000000e+00 4.375000000000000000e-01
9.676199526205812029e-01 3.364599683875791336e-01
9.752777287640432835e-01 3.628984936174138309e-01
1.000000000000000000e+00 4.062500000000000000e-01
9.565013832495213864e-01 3.798647764492225076e-01
9.095623713410765365e-01 2.814076561148453060e-01
9.649479908637387249e-01 2.545458327891245709e-01
9.297207354370926602e-01 4.939815593025108642e-01
9.088778592930065736e-01 4.767850858256330038e-01
9.655880898316013816e-01 4.884929348634828861e-01
1.000000000000000000e+00 5.312500000000000000e-01
8.486192711889731788e-01 5.674355911819589648e-01
8.885623524540565699e-01 5.466924045524208520e-01
9.758041293436389152e-01 5.151498293142244833e-01
9.172222476322745566e-01 5.390230197120529088e-01
8.790260729073221535e-01 5.771581371629922463e-01
9.320833806632152774e-01 5.202245286055650064e-01
9.572887486147936276e-01 5.554240876497403834e-01
9.767406966350531405e-01 5.399735888396001160e-01
9.539196868383383876e-01 5.312123831098424231e-01
9.326255796724827185e-01 5.585340752196658043e-01
9.512670491322848809e-01 6.070184323911047564e-01
9.305701077493546691e-01 5.871502255616977139e-01
9.559582076476290657e-01 5.814173728798088803e-01
9.769053721934666257e-01 5.694589172697133161e-01
1.000000000000000000e+00 5.937500000000000000e-01
9.750228007267813801e-01 5.981411196503059191e-01
8.983492259293064386e-01 6.414293169868959810e-01
9.207930272930540117e-01 6.180493489191145606e-01
5.900579648123069898e-01 6.410824265886553297e-01
2.762362145849163730e-01 6.033781677773620844e-01
3.411617445920897551e-01 5.314765550909094083e-01
5.434032853606468594e-01 5.810821965036335746e-01
6.081802711143021734e-01 6.264288822124317591e-01
4.577119300344290598e-01 5.651991892666552442e-01
5.588368373715443260e-01 6.768047394105645154e-01
5.331491844009630388e-01 6.962997290673694772e-01
0.000000000000000000e+00 4.062500000000000000e-01
3.421792066330280047e-02 4.270851251402184023e-01
0.000000000000000000e+00 4.687500000000000000e-01
3.747244480934359273e-02 6.758946273764447898e-01
0.000000000000000000e+00 5.312500000000000000e-01
6.570780500880890607e-02 5.578907964434055566e-01
7.813284015936257376e-02 5.775443333874147323e-01
3.545819017326452827e-02 5.573327429002895572e-01
8.714721734216368532e-02 6.031381398510138325e-01
6.311302619979999862e-02 6.339085593054418766e-01
8.125000000000000000e-01 0.000000000000000000e+00
7.652751338088947808e-01 9.784337365124134989e-02
8.745100627101470847e-01 2.044433818738138342e-01
8.935769777335268449e-01 2.212632645140834575e-01
1.000000000000000000e+00 1.250000000000000000e-01
9.540612793824680971e-01 4.473038246806404494e-01
9.564875607499301324e-01 4.688322769593368800e-01
1.000000000000000000e+00 4.687500000000000000e-01
9.797261203133739160e-01 3.906250000000000000e-01
1.000000000000000000e+00 2.812500000000000000e-01
9.549633651006177448e-01 2.718663677668389789e-01
9.367853667351672131e-01 2.429600733340606389e-01
9.565393100145361815e-01 2.349639406666766961e-01
9.255366048039658233e-01 2.114892095356496471e-01
8.683189177849781615e-01 5.582350687473386364e-01
8.830826563998772638e-01 6.109788702149823170e-01
9.044296470316820491e-01 5.942881604603114098e-01
1.000000000000000000e+00 6.875000000000000000e-01
7.825129511547705974e-01 5.887682691948499247e-01
1.272399518681306685e-01 6.622703736132642405e-01
2.083441212122665032e-01 6.177747171695630035e-01
2.433326128271601774e-01 5.919334603924034655e-01
1.555758607416608819e-01 6.802181006412044706e-01
2.041522052579665125e-01 6.804199036083340424e-01
1.918133875385330533e-01 6.594725321981964594e-01
3.528461312328075028e-01 5.584937614757824464e-01
3.912007574782042085e-01 5.732936136873346689e-01
3.683924346922738957e-01 5.753036476633206497e-01
3.830070445082233155e-01 6.107283352444196067e-01
4.048983040369274478e-01 4.954745784138311904e-01
4.258827872638167311e-01 4.794988658898013401e-01
4.282194602978313669e-01 5.156181045250448625e-01
4.496508375966836168e-01 5.141035806723305290e-01
4.181397781288866411e-01 5.403939509189752410e-01
4.115158398080980273e-01 5.624490982875404166e-01
6.804487919349549996e-01 5.489188762606032057e-01
6.979522291426309977e-01 5.285463468955766686e-01
7.227873686778497619e-01 5.528730864338788908e-01
7.013105675532609329e-01 5.541885863752415986e-01
2.351465499529933889e-01 6.373597618054697156e-01
2.599438917167722907e-01 6.468022244596813852e-01
2.209087506755946784e-01 6.597963193416526151e-01
2.779837299104867543e-01 7.023245742232706590e-01
2.406083966030828636e-01 6.929212613512623076e-01
2.754422363925675410e-01 6.724584857401662008e-01
3.190006222874388064e-01 6.837930085076785458e-01
2.615454635892611734e-01 6.886822297220683842e-01
2.465183253772458283e-01 6.682862701374371328e-01
2.952201479560963016e-01 6.858166387999526936e-01
3.099756598159277288e-01 7.184757919017503713e-01
5.044387617834927839e-01 6.545872645593099337e-01
4.852521386937830306e-01 6.177328642910373535e-01
4.541944229639687247e-01 6.498741798690734761e-01
4.667599323409825640e-01 6.935305568983214375e-01
4.456550114763977999e-01 6.759685966130437595e-01
4.686043760511930945e-01 6.698517136103765424e-01
4.185794521987959427e-01 7.299686961118563300e-01
4.108931443585095433e-01 6.923269245140362127e-01
5.281763306151510129e-01 6.771657856342191417e-01
5.421887857016416401e-01 7.666712770901220608e-01
5.352806060148764672e-02 4.193353434034810534e-01
2.533709385745783887e-02 3.906250000000000000e-01
2.048823893884676312e-02 4.111177093053932086e-01
3.038138468916784865e-02 4.656831825499739286e-01
5.099728732468042369e-02 4.482426449913853306e-01
1.535782055156622444e-02 4.843750000000000000e-01
5.816419506415092949e-02 6.825496021223598220e-01
5.476247778975079639e-02 6.576312319120922734e-01
0.000000000000000000e+00 6.562500000000000000e-01
1.757090409225069497e-02 5.156250000000000000e-01
2.207549528604178801e-02 5.383826568096279352e-01
7.933389093711046280e-01 4.067681215027380698e-02
9.860949839852735099e-01 4.843750000000000000e-01
9.793190637056050640e-01 4.531250000000000000e-01
9.633381565979542982e-01 4.029420138095941017e-01
9.787889642681124602e-01 2.727349047566936524e-01
9.397734197248980292e-01 1.484470248678208537e-01
8.708151447061733830e-01 5.952966335036640189e-01
9.006829530179327747e-01 6.212070542931276140e-01
8.516673906639307123e-01 6.457813896487470950e-01
9.299491888238227144e-01 6.493014289812244488e-01
8.130769844059043683e-01 5.703885521260103619e-01
1.813696181939536967e-01 6.803252568473604489e-01
1.926547553698176596e-01 7.059256620378888680e-01
2.172390303284545410e-01 7.016634455495808220e-01
2.471327757947962556e-01 7.459683178811904458e-01
2.109071816863939408e-01 7.381732344661020573e-01
2.375036034984633337e-01 7.202278794267147344e-01
1.687470484584766839e-01 7.339345764761705526e-01
2.638349789238123577e-01 7.250489400671510376e-01
3.750000000000000000e-01 1.000000000000000000e+00
2.728632721049142895e-01 7.493844805353833127e-01
2.880649255900935568e-01 7.299023042942978101e-01
4.002227566031743566e-01 8.591945597785178856e-01
3.528445862522722742e-01 7.696042758813915752e-01
4.511684720175098140e-01 8.756611370412783479e-01
4.057455008653632622e-01 6.065856973782312034e-01
3.865065678321604747e-01 6.504578789220067936e-01
3.591365359751617636e-01 6.040472798261459220e-01
3.579734378173275999e-01 6.360090566330726114e-01
3.921371615281784018e-01 5.467566598776391062e-01
7.368473637431438572e-01 5.971147689321464336e-01
3.056917628213443594e-01 6.616788894087618500e-01
4.403995198820383483e-01 6.315370689365239487e-01
4.992614653948541648e-01 7.115316339352156794e-01
3.625707307714794991e-01 7.136461863212922863e-01
5.458800358926526597e-01 7.304307497309665553e-01
2.105790289490983014e-02 4.452667562260808065e-01
3.065861947194350318e-02 6.358154411068782652e-01
7.721678781713946504e-01 5.278346197685993696e-02
7.812500000000000000e-01 0.000000000000000000e+00
7.971510034563110692e-01 7.190739486896872978e-02
7.705132587421664736e-01 2.532567882770373618e-02
9.242181646447827914e-01 1.780628241236172360e-01
8.605901861182309043e-01 6.222556460211126073e-01
8.747738215556281061e-01 6.410901675051438042e-01
8.259602264980374642e-01 6.225762479886403078e-01
8.858348666280749795e-01 6.917720863141906262e-01
8.684160396218578715e-01 6.690256828118028576e-01
8.943959549266627951e-01 6.671734142963353653e-01
9.248397856001889794e-01 6.915578920867233581e-01
8.283893151646406494e-01 7.177202288358586202e-01
8.305212374289568933e-01 6.786744828162907250e-01
8.475692829479896107e-01 6.663905330392819737e-01
8.546459955211211934e-01 6.941836910496150814e-01
8.235357291555730486e-01 6.510079009546603235e-01
7.677504374087685823e-01 6.798082478817737417e-01
7.828042671450783363e-01 6.332153420459105675e-01
7.990035481221740010e-01 6.719171804362411571e-01
8.061851811899811704e-01 6.352091397344939994e-01
7.964825634219182549e-01 6.109012003528025980e-01
9.419270126728606085e-01 6.288248786277722546e-01
9.710614925896640104e-01 6.284001608852204379e-01
1.000000000000000000e+00 6.562500000000000000e-01
8.301193273988209942e-01 5.601401192759933867e-01
8.321551710617394182e-01 5.846438430582874268e-01
8.109253493228230081e-01 5.931621707137990640e-01
7.725835337507145351e-01 5.376537659499545097e-01
1.548739263863378735e-01 7.164842659730813468e-01
1.905987598129735283e-01 7.283786825248662611e-01
2.500000000000000000e-01 1.000000000000000000e+00
3.322771817391234617e-01 7.977113721461832618e-01
4.075917140450174836e-01 6.451517296994713213e-01
4.024372335658109034e-01 6.692155705912817831e-01
3.810634567233621706e-01 6.901383302719751311e-01
3.942096031738577810e-01 7.153392840619737791e-01
3.502412532582652727e-01 6.849193746567801000e-01
3.751699840825014065e-01 7.746682071247033008e-01
3.916390326064405070e-01 7.472338697265711316e-01
3.783553926901318532e-01 6.311569669644500058e-01
7.208845932389494893e-01 5.778327605846380610e-01
7.527406614690145270e-01 5.677089104771760875e-01
7.049912955130790415e-01 6.072386190396082961e-01
4.899641506300780880e-01 6.899764109485481134e-01
5.125366986226088661e-01 6.957537754603601021e-01
4.630094656301866340e-01 7.386439758773085673e-01
5.479382574405415873e-01 7.102232237011354421e-01
6.216828768918136738e-01 7.564598363827697014e-01
5.126883063317354550e-01 7.453582807842026314e-01
5.231897018062751092e-01 7.194544210192310718e-01
1.569421084238257352e-02 6.718750000000000000e-01
0.000000000000000000e+00 5.937500000000000000e-01
3.279888721678188984e-02 5.794491698653978506e-01
8.488211006915643564e-01 4.975244638732474745e-02
7.968750000000000000e-01 1.749112434607103320e-02
8.263045306858861627e-01 2.805627644068875784e-02
8.798252401909315568e-01 1.391811278137747299e-01
9.051479404671747275e-01 7.491447259167388628e-01
8.740498062833471637e-01 7.422438859817419576e-01
8.100791922066482575e-01 6.971394094611530479e-01
7.751380671268812694e-01 7.466608421301200726e-01
7.983868598294708852e-01 7.259771052361226884e-01
7.805178175899214477e-01 7.801687724853897388e-01
7.666921540854864103e-01 7.137596815716995557e-01
8.038447492971789732e-01 7.555196879412706679e-01
7.882420718180961350e-01 7.050746758241916989e-01
8.302357389516685782e-01 7.457877490202940995e-01
6.409385209404001582e-01 8.156257661749224397e-01
8.510353984735256061e-01 7.303249483060220149e-01
8.733257924496820035e-01 7.154630368713759125e-01
8.536004127650249629e-01 7.620371526581363186e-01
5.227301349930431051e-01 8.807395643391848772e-01
9.054780551016246015e-01 7.172918364739910846e-01
1.000000000000000000e+00 8.750000000000000000e-01
6.078488865235007754e-01 8.704833944356560327e-01
5.729875927637690936e-01 7.259287276943824363e-01
5.730450733261354124e-01 8.746769923799954105e-01
8.838747498514420986e-01 7.728547850172661215e-01
5.977210211697971953e-01 7.043291098077709700e-01
5.051374308388846268e-01 9.322043481709495483e-01
5.616666357331352444e-01 8.542194599317530779e-01
8.034059806296158790e-01 1.627099994278845829e-01
5.399800169093421642e-01 8.630325206895257395e-01
9.375000000000000000e-01 0.000000000000000000e+00
7.787765537040149955e-01 6.576423615501386655e-01
7.313423156358669353e-01 6.478721884397996567e-01
7.573644925733777900e-01 6.415662076394907931e-01
7.491081007782736112e-01 6.643398664247893715e-01
7.386649219225005503e-01 6.958938481423232458e-01
7.390989443307844908e-01 6.230362138575263886e-01
7.624236307024966353e-01 6.079516816003920354e-01
9.637681371061036506e-01 6.649384041562845793e-01
9.567263792969997738e-01 6.445357765539383443e-01
7.868641554889823642e-01 5.614013239793034238e-01
8.026145373392830074e-01 5.357622001805814049e-01
7.857535801498907180e-01 5.074090400994094585e-01
8.203053547785601474e-01 5.198847460786953922e-01
8.105281123973203661e-01 4.928792114701609495e-01
7.446818367938179417e-01 5.354358862794315055e-01
7.461317702988149447e-01 5.109897830653362671e-01
2.260038764375483233e-01 8.103722599517115821e-01
1.509467702861028715e-01 7.660015304907502598e-01
3.355543137510294538e-01 7.082322699509810970e-01
3.412636153136888728e-01 7.498571773594649992e-01
3.295360423830475116e-01 7.302617398949299288e-01
3.153552587371600269e-01 7.520558306534917969e-01
4.446514102762067489e-01 8.513682866869941579e-01
2.919854186763669035e-01 7.845032478486898553e-01
2.397680696153512148e-01 7.863029246504602554e-01
4.263184213687907786e-01 8.645919424431383060e-01
4.647079962333366954e-01 8.934578782428410637e-01
3.354708699942821060e-01 6.607826680871470293e-01
3.628172971054781093e-01 6.618411634085692441e-01
3.775577496471928529e-01 7.300480955901745839e-01
6.898622259951168179e-01 5.941082942755985252e-01
4.750351997170401130e-01 7.169311198565349041e-01
4.883249988380042317e-01 7.384783906670665532e-01
4.448968930324912474e-01 7.144255966996044815e-01
4.857658926284473822e-01 7.941188304130554210e-01
4.758452892711179660e-01 7.657834746050999897e-01
4.240849892584077629e-01 7.092388428620554075e-01
5.033977545220433836e-01 7.720413208731757848e-01
4.279975724916814106e-01 7.984399764631523455e-01
5.284360133776798696e-01 8.101172012771405972e-01
4.407672088135710098e-01 7.657687607941716657e-01
5.097092282818075359e-01 7.951613436916171729e-01
5.314305546334964214e-01 7.871654443037802151e-01
4.961389452517126486e-01 8.313553799728558014e-01
5.807201969724760104e-01 7.999688017695870679e-01
5.539435843437771068e-01 8.017739733762393461e-01
5.199387660157401836e-01 9.085246976300320743e-01
5.502881981401349654e-01 8.337619274835107452e-01
5.807443460847724337e-01 7.522900747740709493e-01
5.335987550674059499e-01 7.474880979671794101e-01
5.264654892041556455e-02 6.081149070373510490e-01
1.919411561228753088e-02 6.194521236874416248e-01
8.437500000000000000e-01 0.000000000000000000e+00
8.209689759999518888e-01 5.612566609286314540e-02
8.458620948766889525e-01 1.008670800824236491e-01
8.399156127491217427e-01 7.487987591472181070e-02
8.876077165472869845e-01 7.764075283510055159e-02
8.171169400046640607e-01 9.377069663990617032e-02
8.633605616917296999e-01 8.318907084816816455e-02
8.818358675620708853e-01 1.081731158206650500e-01
8.202206366952415895e-01 1.429654807255414661e-01
7.953552088931986619e-01 9.359561097461027712e-02
9.295266256817036332e-01 1.013768563455526017e-01
8.602296103912323577e-01 1.223413115481842561e-01
8.507895322434974039e-01 1.531473683384901030e-01
8.354449211907468698e-01 1.233802473114421483e-01
9.086318267814846861e-01 1.254798172066468320e-01
9.045234147294313187e-01 9.665024026836757653e-02
9.239611111677121791e-01 6.232249012100755242e-02
8.962759025622668574e-01 1.651822056686434725e-01
8.759625511129948139e-01 1.795846961411941833e-01
9.175917547236321914e-01 1.556894195111194201e-01
5.436923680377072632e-01 8.938423352949174117e-01
1.000000000000000000e+00 1.875000000000000000e-01
7.500000000000000000e-01 1.000000000000000000e+00
7.705105644238607887e-01 8.125968158400010966e-01
5.804873872268555557e-01 8.303582984977431192e-01
5.207839694204329239e-01 8.570352970724791630e-01
1.270439143229832972e-02 5.781250000000000000e-01
7.587314665473608999e-01 9.084041360225877382e-01
6.088578274781712985e-01 8.153800004042326410e-01
8.801273687859455519e-01 4.712824288619595070e-02
8.286623191127683308e-01 1.686003342075803046e-01
8.593750000000000000e-01 2.354205930799238566e-02
6.988475725403020533e-01 6.400839978542507414e-01
9.845892049639921595e-01 6.718750000000000000e-01
9.691138048293603813e-01 7.025505093693402703e-01
7.720224082311073488e-01 4.901191725718538894e-01
7.666550866098246209e-01 5.170824204214609088e-01
3.772503344794575497e-01 8.726994952081135182e-01
1.258535012869887171e-01 7.597723360419033067e-01
4.210760555495327573e-01 8.426037375492977377e-01
1.314111378855094825e-01 7.910409435167872205e-01
4.649601818971028644e-01 9.196033743895605239e-01
9.966933625069020197e-02 7.900059715580517450e-01
3.301410164345118248e-01 7.725393577277913648e-01
2.344020176481174389e-01 7.657579267650087562e-01
1.505397935615488680e-01 7.448016990383714564e-01
4.067881800675990922e-01 7.749884404844994412e-01
4.564670965125345869e-01 7.907362378852041962e-01
4.680346512681385351e-01 8.191213489770644562e-01
2.770746440772517971e-01 7.698567731707453010e-01
4.696943051344401043e-01 8.537066812634233059e-01
4.393128201250918186e-01 7.418944752930569653e-01
4.185453098751997780e-01 7.540137717687968033e-01
5.230140408334159607e-01 8.370482584773716317e-01
4.855612250542122865e-01 9.035022071273386413e-01
5.028231530742875988e-01 8.660831701092409629e-01
5.579172382254455886e-01 7.499650377951406766e-01
5.625000000000000000e-01 1.000000000000000000e+00
3.172286228869580782e-02 6.013981487575095208e-01
7.823384711058281038e-01 1.489070278809337955e-01
9.327924699033921518e-01 1.253163147902212060e-01
9.607326560041082875e-01 9.584867992163881301e-02
8.713653786446691196e-01 1.587587683094093538e-01
9.607917914058736741e-01 1.933594414064028211e-01
9.318912870953077743e-01 7.170139789000546937e-01
9.464232062029569459e-01 6.992838435805157626e-01
9.294728491555775962e-01 7.421960458411172024e-01
1.000000000000000000e+00 7.812500000000000000e-01
9.248617855467093918e-01 7.721051746601627075e-01
9.502201941007707431e-01 7.602702749972073404e-01
1.000000000000000000e+00 8.125000000000000000e-01
9.738105149524789450e-01 7.488360905303883541e-01
1.000000000000000000e+00 7.187500000000000000e-01
9.726733118603149153e-01 7.765420385370432887e-01
7.168073004005324211e-01 6.264460815248344971e-01
7.073979136809904755e-01 6.760924877461198523e-01
6.710275293659120344e-01 6.480973618596972408e-01
6.571246520047596684e-01 6.327602985354717768e-01
6.898755161755830700e-01 6.612338429018014274e-01
6.668007824935100469e-01 7.062064183542499096e-01
6.835856124625017127e-01 6.864125228907745901e-01
7.079007944904185390e-01 7.098849266066795671e-01
6.553985803514991160e-01 6.795240286976121924e-01
6.322630697495377206e-01 7.051879906999740655e-01
6.278313244232026635e-01 6.769236716840493218e-01
2.565376132134276066e-01 7.737401715453163797e-01
2.189970464091898217e-01 7.835452167185553707e-01
8.429072647409988073e-02 7.729092270808850529e-01
2.526785998311290582e-01 8.028062142502968568e-01
1.873025596788582825e-01 7.611645871980630140e-01
8.236358458753515466e-01 7.976116006166807937e-01
8.246959610416466635e-01 7.714144268658958969e-01
8.041748191377789956e-01 7.837040390068117368e-01
7.989150565331564202e-01 8.116339024425854864e-01
8.413194463455905270e-01 8.575891820135951304e-01
8.254793778610349797e-01 8.296637385996443737e-01
7.862957871423760237e-01 8.588107818851267172e-01
7.854310821427485934e-01 8.333032893061387281e-01
8.067154168216188470e-01 8.453501525812973094e-01
7.439305197878290921e-01 8.474785630551254778e-01
8.142700478734526959e-01 8.790289403225992615e-01
7.625251215234351010e-01 8.340798022702199388e-01
7.312009948744413457e-01 8.102106801365109856e-01
4.897328486590517005e-01 8.505955533129633261e-01
4.798629293180449173e-01 8.770149248407184128e-01
6.542796574977791657e-01 9.190681845127711691e-01
3.665195495722460284e-01 8.281550504503221166e-01
1.774713009189975432e-01 8.087196942940763078e-01
2.555521458094606180e-01 8.637421403820266796e-01
3.786541948429141824e-01 8.487965555454486388e-01
3.386294913756086600e-01 8.584385319179895779e-01
3.967378830086517039e-01 8.242780035812008466e-01
2.019837261247988680e-01 8.023174085294033642e-01
2.004737426455015792e-01 8.466626282803841885e-01
1.844654907259507259e-01 7.853718499120023733e-01
1.946238414995284105e-01 8.242651175205183423e-01
1.599545966131398766e-01 8.452829250914570824e-01
2.470052835641848576e-01 8.336094666878750559e-01
3.786072930516306001e-01 8.026670632188976917e-01
4.192575006623627809e-01 8.196944624195021678e-01
4.436211774737183200e-01 8.172888183040615262e-01
3.547192418664248947e-01 8.069484088515028741e-01
3.327868734198888290e-01 8.283538749974808102e-01
4.032869645971946526e-01 8.003727860394214133e-01
3.497264124839642441e-01 8.406737804290949079e-01
2.964479831995045500e-01 8.510207658845856393e-01
3.047926656154697489e-01 8.134940258956376846e-01
3.189597753285552395e-01 8.466488429719809528e-01
3.134091982537644538e-01 8.782124850723160847e-01
5.882622027658949149e-01 8.544481318401035974e-01
6.139636316087228041e-01 8.430344213250383634e-01
6.683155407554471905e-01 8.695478425206817352e-01
6.379703852965560307e-01 8.627879215045188843e-01
6.373522169488646805e-01 8.390745402572571399e-01
6.741059166387728396e-01 8.326970916659005573e-01
6.681591194872980033e-01 8.962528203350652589e-01
7.051648469248356088e-01 9.268120715734768922e-01
6.250000000000000000e-01 1.000000000000000000e+00
7.025500711587666647e-01 9.012009671907164066e-01
6.974253876639803229e-01 8.510059158150867775e-01
7.115413981096951890e-01 8.770779126645378287e-01
7.298002930193049353e-01 9.113578755526963171e-01
6.888693600373865245e-01 8.793926233007089976e-01
7.023618206707469280e-01 8.207133974501387153e-01
7.211173924898757193e-01 8.550358640509314601e-01
7.409733384812356993e-01 8.767632553360463765e-01
6.302883513349302191e-01 8.955173095081769841e-01
7.487360661875865908e-01 9.536654144147174161e-01
6.802826959773388138e-01 9.192574442727946549e-01
6.875000000000000000e-01 1.000000000000000000e+00
6.669756456806498202e-01 9.611407595646686008e-01
6.671430657163771594e-01 9.381383546650404748e-01
6.299254764229385017e-01 9.493692829664713839e-01
5.365244612739626939e-01 9.353575733913951362e-01
6.737682896112144881e-01 7.925973971895720060e-01
7.227521020628532300e-01 8.318568333604757781e-01
7.621792571494421242e-01 8.641129835897817246e-01
7.800241705679481496e-01 8.877818697922938984e-01
7.264096148705835310e-01 8.911611934344612074e-01
6.494493533052447809e-01 8.827484250267640942e-01
7.462570072863050630e-01 9.293836243217999948e-01
6.875871743688468651e-01 7.499010883582075682e-01
6.822420329743835721e-01 8.125773194865180127e-01
7.021230284601891469e-01 7.923586590565315779e-01
7.590451140446929923e-01 8.874243782049101581e-01
7.834889867778045414e-01 9.126629306225138016e-01
6.549729496880775104e-01 7.640829180851649305e-01
6.877862905983699315e-01 7.735499651288244571e-01
8.750000000000000000e-01 1.000000000000000000e+00
7.231974387232882329e-01 7.614265375778686007e-01
6.076165828728499196e-01 7.842539357666861166e-01
5.848317724654583660e-01 7.761315146550448185e-01
6.337992177092176549e-01 7.800482353918932743e-01
5.837268575372215329e-01 6.865897416462045655e-01
8.656376320753387255e-01 6.231946220661111618e-02
9.008308634021984229e-01 5.822582528661818940e-02
9.062500000000000000e-01 0.000000000000000000e+00
8.832641075177084522e-01 2.244116641552049846e-02
9.389457473986801972e-01 1.942211170372951656e-01
9.769595587954381655e-01 7.251354655565608320e-01
7.122314826875750793e-01 6.559253409129274237e-01
7.297217789429681911e-01 6.754288646460806511e-01
7.187053470672309929e-01 6.928241778649012472e-01
6.144084040229447208e-01 7.282311540146977347e-01
6.455228571437090501e-01 7.339009453568792196e-01
6.020181799826790359e-01 7.464757385044554772e-01
8.583698063309158632e-01 7.964613304324713594e-01
8.437605556163247922e-01 7.809429264097523804e-01
8.210646890557907751e-01 8.598181062136500685e-01
7.522042179730205058e-01 7.891893659655908611e-01
7.277231969596318351e-01 7.857326443527661297e-01
7.405430761473870416e-02 8.609044562868936046e-01
4.375000000000000000e-01 1.000000000000000000e+00
2.107365598653005156e-01 7.616108626461876030e-01
4.801752456377320621e-01 9.414428399409210391e-01
4.180146502888576476e-01 9.115020826268671605e-01
4.397758465170521491e-01 8.983772107853285060e-01
4.397385871567804361e-01 9.229180334850061174e-01
4.182344936784410661e-01 9.374614462650739943e-01
4.061582438897426428e-01 9.604418962749751154e-01
4.479937581205649111e-01 9.582940777239700170e-01
3.664639997816892536e-01 9.249192649740645145e-01
3.939248537697858654e-01 9.246867058364163228e-01
5.035189759892039207e-01 9.661741830982117918e-01
4.016379532499012028e-01 8.878928254141480458e-01
3.800060863351281681e-01 9.025635266940873480e-01
3.445271204103538820e-01 8.963514457281747116e-01
3.641025467387219994e-01 8.889718900833790682e-01
1.576938038991770319e-01 7.914060452366750154e-01
1.513021093308338783e-01 8.186601286906320940e-01
1.155330382428388647e-01 8.450026223308632067e-01
1.377903468253534325e-01 8.377689314537245524e-01
1.375560068655258261e-01 8.749064401315633788e-01
1.186026551097234955e-01 8.165889634980162404e-01
8.496957200786617315e-02 8.273281154182152708e-01
2.279882786253399352e-01 8.552819265318799546e-01
2.198158445321470866e-01 8.331443627999480794e-01
2.236434719029884999e-01 9.185700042550350997e-01
2.332004168642458075e-01 8.874329235305946639e-01
2.715072249580950392e-01 8.429381682865637604e-01
2.895466139057415456e-01 8.297949758309586255e-01
2.825859071995924232e-01 8.785531867372339265e-01
3.125000000000000000e-01 1.000000000000000000e+00
2.983124308598674168e-01 9.068698711771716603e-01
5.782089603192235305e-01 9.146460080584145613e-01
6.274292997348462908e-01 9.224252534631325329e-01
5.996501110196885698e-01 9.385864432806546587e-01
6.047358721558725447e-01 9.064081436787497781e-01
5.861242343933955601e-01 8.933052885548204980e-01
8.729617587863020001e-01 9.252938685074520997e-01
7.354926858669054157e-01 7.297368312671690394e-01
5.616770721128923061e-01 7.796647634728800513e-01
6.510292905777191885e-01 7.950957793595552214e-01
6.250145177972390442e-01 8.003161346591634029e-01
6.706353567422310702e-01 7.311738153815557917e-01
6.866445112628256631e-01 7.159369155058319389e-01
9.052656560244478623e-01 8.215471878568487707e-01
8.584400008562702578e-01 8.294227595860688140e-01
8.415202915468048550e-01 8.126620328950345806e-01
4.687500000000000000e-01 1.000000000000000000e+00
5.192117473693893537e-01 9.498983754653038680e-01
5.312500000000000000e-01 1.000000000000000000e+00
4.227860894754473242e-01 8.855717792513536635e-01
3.340486194219426941e-01 8.785662862278781349e-01
1.789557688785801404e-01 8.829295107108252605e-01
2.067367123173966259e-01 8.748955870188529493e-01
1.250000000000000000e-01 1.000000000000000000e+00
1.997303276654199267e-01 9.027174094511180025e-01
3.607019753545329110e-02 9.220656279144859857e-01
1.614188102336149566e-01 9.221400506053052393e-01
1.956289731534615051e-01 9.348665877395772039e-01
1.771337117997199284e-01 9.056415759213974903e-01
1.518756947784453970e-01 8.973166637818320579e-01
1.034609980397219325e-01 9.301753079102231814e-01
1.315023390537931880e-01 9.193950805094232015e-01
1.435313818076804082e-01 9.526918160949220393e-01
1.053304381077924679e-01 8.931776238116052591e-01
1.237252583002140666e-01 9.410259118606997264e-01
1.196357633305135532e-01 9.706151284803568036e-01
1.126015423705111207e-01 9.120910944276917620e-01
8.764715054198474187e-02 9.108301846952276959e-01
8.048079373544399229e-02 8.859680395625660898e-01
6.250000000000000000e-02 1.000000000000000000e+00
3.989494552467303529e-02 8.830188573087153214e-01
7.595838203406793387e-02 9.365214237501342520e-01
1.290178489544105966e-01 8.961422634350013627e-01
9.515605710165606079e-02 9.569516762308387658e-01
0.000000000000000000e+00 9.375000000000000000e-01
9.375000000000000000e-02 1.000000000000000000e+00
6.386207481216735204e-02 9.671228051264657566e-01
9.911035872442702788e-02 9.786279572130284210e-01
9.829338553140516688e-02 8.110199464602427799e-01
9.309907113361223785e-02 8.485332987518219294e-01
1.077393983570052033e-01 8.685199338496549792e-01
4.047580771181528980e-02 8.314261090278239896e-01
3.318671811418457684e-01 9.287792988701031316e-01
3.211940154770094313e-01 9.006187385431669856e-01
2.626608931008574954e-01 9.234602861667252638e-01
5.937500000000000000e-01 1.000000000000000000e+00
8.491061319372339433e-01 8.951964976722561751e-01
7.109636752778936142e-01 7.384499144400786808e-01
7.469938311648663953e-01 7.137447142484319995e-01
7.572254091468395565e-01 7.337244852438195020e-01
7.511479995242703600e-01 7.610095150072864190e-01
8.861537874528205849e-01 8.008983754229420660e-01
9.046024526338932725e-01 7.852846939034319185e-01
9.305098449326013599e-01 8.029481862059555386e-01
8.816437394681255757e-01 8.242417969147578516e-01
8.992281308422754860e-01 8.735064928304175913e-01
8.761055060801963279e-01 8.539892048304483785e-01
9.489913145698699593e-01 7.855931952031820487e-01
9.705573200028486669e-01 8.065127166393836200e-01
9.014379481398715477e-01 8.474328431744460044e-01
9.380559369807356385e-01 8.396217106243424322e-01
8.728482506597055046e-01 8.813037809244183007e-01
9.492586423332926016e-01 8.982348178689136819e-01
8.936759299403523871e-01 9.032452292598077692e-01
8.697876465063757445e-01 9.033068684710295893e-01
8.530851000630039760e-01 8.747628588418228102e-01
1.000000000000000000e+00 8.437500000000000000e-01
9.207618664068067948e-01 8.929144901079612007e-01
9.033889913557038298e-01 9.619670731358775928e-01
9.262026462836248086e-01 8.652276365757773924e-01
9.034112292002637323e-01 9.331458656363662563e-01
9.607313412954918697e-01 8.656649059523461309e-01
9.302859409850832151e-01 9.208790536395191628e-01
1.000000000000000000e+00 9.375000000000000000e-01
9.648201524426899267e-01 9.305435385643585633e-01
4.690809728082405150e-01 9.594104206102449517e-01
5.676417906805418800e-01 9.456816162584392726e-01
5.447248005210558741e-01 9.626980611534707855e-01
5.704071874313417778e-01 9.733459427641724115e-01
1.602233371740517942e-01 8.687657609952066373e-01
5.973177349705863920e-02 8.907701200110520467e-01
1.875000000000000000e-01 1.000000000000000000e+00
2.221892812158120928e-02 8.440944052622978422e-01
7.780057108130740418e-02 9.841670776721116454e-01
6.360389672456807919e-02 8.389447724661464045e-01
4.485877011056550734e-02 8.572750990427050466e-01
5.947585006599319379e-02 8.123116385701232289e-01
2.249919819091606224e-02 8.663142349318728730e-01
0.000000000000000000e+00 8.437500000000000000e-01
3.332613745791265097e-02 8.053188551587561195e-01
7.858972678017665803e-02 8.028038179917114103e-01
3.479988499202464336e-01 9.163919875039746588e-01
3.114302106248887370e-01 9.614654623097087516e-01
3.117643922001130385e-01 9.229175263469835411e-01
2.842358554721104991e-01 9.232218098279233454e-01
2.737121924539526185e-01 9.472086864581634735e-01
2.396957306500044071e-01 9.485926632746295439e-01
2.968367383533316306e-01 9.430520828310632320e-01
2.447806321649879657e-01 9.080224573555141232e-01
2.681545927140910890e-01 8.990239530546839664e-01
6.300937012377246793e-01 9.749405878161083727e-01
6.562500000000000000e-01 1.000000000000000000e+00
9.258278553350116624e-01 8.230246905883689124e-01
9.232860359435225428e-01 9.411159313704496876e-01
9.433101177871215937e-01 8.778338838733080740e-01
9.679642360506470755e-01 8.364741789609125844e-01
9.829705178065203386e-01 8.593750000000000000e-01
1.000000000000000000e+00 9.062500000000000000e-01
9.062500000000000000e-01 1.000000000000000000e+00
9.375000000000000000e-01 1.000000000000000000e+00
4.531250000000000000e-01 9.817583104738816235e-01
4.275643785139873199e-01 9.756769231288956457e-01
4.062500000000000000e-01 1.000000000000000000e+00
4.829557255742563671e-01 9.798196962755704176e-01
5.572856910851720080e-01 9.248387288785844262e-01
5.156250000000000000e-01 9.845295520214333296e-01
5.468750000000000000e-01 9.845595509224229769e-01
1.711424696979487459e-01 9.483452955392277506e-01
1.980479135138417945e-01 9.682424577333902382e-01
1.438267010829420989e-01 9.779761877345626297e-01
1.562500000000000000e-01 1.000000000000000000e+00
1.716040227499287529e-01 9.768232248171846432e-01
5.061402557960596738e-02 9.441945895582708470e-01
2.470786654298858312e-02 9.453771024989714444e-01
0.000000000000000000e+00 9.687500000000000000e-01
3.125000000000000000e-02 1.000000000000000000e+00
3.533590767236270413e-01 9.644347766554642876e-01
2.576732888822174106e-01 9.717255581392179042e-01
2.855431126775534456e-01 9.724532082343186890e-01
2.187500000000000000e-01 1.000000000000000000e+00
2.812500000000000000e-01 1.000000000000000000e+00
3.437500000000000000e-01 1.000000000000000000e+00
2.300562786252570435e-01 9.746359028273284819e-01
3.044216501942373920e-01 9.809421512911992158e-01
3.296366325621865045e-01 9.790162624069042030e-01
2.179086419166874622e-01 9.409389259123718263e-01
2.536316708853014745e-01 8.843197869084562512e-01
6.522565613100623771e-01 9.779879323401077240e-01
6.003430385128394331e-01 9.706775261934328380e-01
9.321775736394779521e-01 9.605959326098979512e-01
9.186720188871730919e-01 9.799414871671978666e-01
9.867045727786177833e-01 8.281250000000000000e-01
9.758569974174342576e-01 8.892984697498076407e-01
9.779666836373892558e-01 9.119622240088867127e-01
3.906250000000000000e-01 9.802570843395872480e-01
2.722062713185732785e-02 9.727793728681426444e-01
1.956016125063845743e-02 8.223542063354553067e-01
3.508181965206957353e-01 9.416613052471958234e-01
3.768294140499015565e-01 9.502876646150086870e-01
3.593750000000000000e-01 9.851408803316807905e-01
2.162199909705187217e-01 9.605857561101586173e-01
5.864810190752960395e-01 9.549238197040635923e-01
9.687500000000000000e-01 9.843750000000000000e-01
8.906250000000000000e-01 9.820513106832691186e-01
4.754244013863623275e-02 9.829135084981353021e-01
8.770806010520544316e-01 9.593455133330841544e-01
8.125000000000000000e-01 1.000000000000000000e+00
3.730450187147839047e-01 9.701896217354150087e-01
1.000000000000000000e+00 9.687500000000000000e-01
8.851235548705250755e-01 9.410977209053934534e-01
8.250788454426453145e-01 9.483606501498630381e-01
8.529521460300142355e-01 9.449891322941716965e-01
8.437500000000000000e-01 1.000000000000000000e+00
8.359411288201766821e-01 9.212582222801214415e-01
8.082520064019003136e-01 9.258887411666529843e-01
8.258076183231755074e-01 8.997833159182064833e-01
8.024978429659472834e-01 8.991573446037794959e-01
7.874618929140926316e-01 9.589921369030977027e-01
7.871049463304149452e-01 9.356877973668906723e-01
8.420103119659139157e-01 9.714338919285441243e-01
8.152540228875582162e-01 9.733191359194534042e-01
8.642608888433417347e-01 9.790699140691093705e-01
5.124047116534430346e-01 4.498891398706421629e-01
5.812149807424428216e-01 1.695195556681025340e-01
5.976910632386718270e-01 2.747041058757378473e-01
6.458814911271044679e-01 2.963932510912666851e-01
4.439055002148466489e-01 2.197259047396048492e-01
0.000000000000000000e+00 3.437500000000000000e-01
3.724541500185583193e-02 3.380678455759755785e-01
2.113775051511618264e-02 3.573945396545240571e-01
1.667239433023208831e-02 3.281250000000000000e-01
3.888193610199774941e-01 2.351353009864984994e-02
1.103388973838924231e-01 2.492201833666312857e-02
9.012435410963601234e-02 2.039540770544105361e-02
2.233846033149122084e-02 2.233846033149121738e-02
4.687500000000000000e-02 1.494616958958653631e-02
2.537246632668102575e-02 7.031250000000000000e-01
0.000000000000000000e+00 7.187500000000000000e-01
2.378454417157364539e-02 7.289593574297233980e-01
4.579063206174302514e-02 7.173459930719374711e-01
8.958233740845632509e-01 2.633581259686028075e-01
3.039112069021876472e-02 7.742848578733548814e-01
4.507914334267635464e-02 7.885515364010194928e-01
2.217761105024958906e-02 7.534047889326995762e-01
1.406987989517340457e-02 7.968750000000000000e-01
4.779675535721000235e-01 5.452777994956469199e-01
9.177129377489577911e-01 6.692590244607945493e-01
9.413862136704017614e-01 6.739812325558756090e-01
9.791044080833638530e-01 6.490026283877688984e-01
8.079215905501498929e-01 1.190461289031294195e-01
9.714523980317453233e-01 1.407451759390025703e-01
9.545560480534336367e-01 1.269328652460190721e-01
1.000000000000000000e+00 1.562500000000000000e-01
9.608108658845130323e-01 1.659761571613316278e-01
9.787894609518458244e-01 1.796803293457244766e-01
9.768201432700159836e-01 1.152011135467704561e-01
1.000000000000000000e+00 6.250000000000000000e-02
9.327368715099642049e-01 8.099562927154688174e-02
9.619958815950482300e-01 5.584612954189417666e-02
1.000000000000000000e+00 9.375000000000000000e-02
9.535373776784770161e-01 7.560024226167853800e-02
9.792539261613905088e-01 7.786451103080958835e-02
9.843345970488908137e-01 2.167853770279457581e-01
9.630709802551704612e-01 2.146119790461037402e-01
9.807253168311672598e-01 2.387892047994422950e-01
6.580130736264425684e-01 8.490487133198934000e-01
7.055316387217134277e-01 9.656263845912166355e-01
9.176819355753388363e-01 3.042907674773541460e-02
9.481679847120921822e-01 2.861608356225082278e-02
9.687500000000000000e-01 0.000000000000000000e+00
9.413004830684742474e-01 4.922956960339375243e-02
9.843750000000000000e-01 3.022120358278984620e-02
9.666792645980670784e-01 2.022044305672237099e-02
9.824127619359345198e-01 5.109219959563000152e-02
2.783030937757650647e-01 8.064780260535163725e-01
1.761275070782703997e-02 8.906250000000000000e-01
0.000000000000000000e+00 9.062500000000000000e-01
1.465135952207531275e-02 9.218750000000000000e-01
6.077661422000243951e-02 9.161527428636726533e-01
9.786326042590747232e-01 9.531250000000000000e-01
9.546667164619814239e-01 9.522691899145677707e-01
9.463994652793297213e-01 9.787364305586594426e-01
7.812500000000000000e-01 1.000000000000000000e+00
7.656250000000000000e-01 9.766586947192033019e-01
7.937475117474557251e-01 9.809187077571346336e-01
6.847134824880123372e-01 9.766219472946909841e-01
6.902905396387601922e-01 9.463615220347187940e-01
7.233695861459098486e-01 9.460489279949424457e-01
7.187500000000000000e-01 1.000000000000000000e+00
7.343750000000000000e-01 9.772416933078817980e-01
