2.999999999999999889e-01 2.999999999999999889e-01
5.999999999999999778e-01 2.999999999999999889e-01
5.999999999999999778e-01 4.000000000000000222e-01
4.000000000000000222e-01 4.000000000000000222e-01
1.000000000000000000e+00 1.000000000000000000e+00
0.000000000000000000e+00 1.000000000000000000e+00
0.000000000000000000e+00 5.000000000000000000e-01
0.000000000000000000e+00 2.500000000000000000e-01
0.000000000000000000e+00 0.000000000000000000e+00
1.000000000000000000e+00 0.000000000000000000e+00
1.000000000000000000e+00 5.000000000000000000e-01
4.250000000000000444e-01 2.999999999999999889e-01
8.986740210799697426e-01 4.556053554614094003e-01
4.500000000000000111e-01 4.000000000000000222e-01
3.441941738241592330e-01 3.441941738241592330e-01
3.624999999999999889e-01 2.999999999999999889e-01
3.937500000000000444e-01 3.388325214724776657e-01
3.220970869120796110e-01 3.220970869120796110e-01
3.312499999999999889e-01 2.999999999999999889e-01
2.858007093938927934e-01 3.804905513423460506e-01
2.422098486487152535e-01 3.618613106180621486e-01
2.835086043675855150e-01 3.385884825444940849e-01
3.468749999999999889e-01 2.610526446341790430e-01
3.123147558745967833e-01 3.580264686918447348e-01
3.720970869120796554e-01 3.720970869120796554e-01
1.948758483081750315e-01 3.644505503193091744e-01
5.000000000000000000e-01 0.000000000000000000e+00
3.216255259434691594e-01 1.986304211677638598e-01
3.415337754837393658e-01 2.268953888836692245e-01
2.447951033184700975e-01 2.992254882142245109e-01
3.127612431121034042e-01 2.676769378872719263e-01
2.500000000000000000e-01 0.000000000000000000e+00
1.938050341578712865e-01 2.352077281695870437e-01
3.937500000000000444e-01 2.648551282971837173e-01
2.722384388802265298e-01 3.109538297912790572e-01
1.964277489387450393e-01 1.548916307927399039e-01
2.575196541440125109e-01 2.704033447779667920e-01
2.155298416668662842e-01 2.000895416471895338e-01
1.721668128185113167e-01 1.975431028748434459e-01
3.675058943908913189e-01 3.279618569968330011e-01
3.937500000000000444e-01 2.999999999999999889e-01
5.000000000000000000e-01 4.000000000000000222e-01
3.320523523756043760e-01 4.082016039794050255e-01
3.397792425687627960e-01 3.765120181674760924e-01
3.662383654253461018e-01 4.058587214867335757e-01
3.956720005073014468e-01 4.752665845257424415e-01
3.522769234678153616e-01 4.527241774777566174e-01
3.890537896932713680e-01 4.371282952168435432e-01
4.199941075766544518e-01 4.514025423410256144e-01
4.461297165292736899e-01 5.023663216830995815e-01
2.240905186092014556e-01 4.645731224466839726e-01
2.166983774063220292e-01 3.294370768940459437e-01
2.480658691591965392e-01 3.310054157298659150e-01
1.307677160042603759e-01 3.001871565088259919e-01
1.898682666461957713e-01 2.763143717626098672e-01
1.703201250041679327e-01 3.248386266962858260e-01
2.130985204124106747e-01 2.979184681196784812e-01
5.058770981992637417e-01 2.166134886024393968e-01
2.249640223022316698e-01 2.674595633709425657e-01
4.026997866927168324e-01 2.221744475840151389e-01
4.402598483498758597e-01 1.893687060516095755e-01
4.698895138659453519e-01 2.106474099948758283e-01
3.718963506840781141e-01 2.434290160399412151e-01
1.993042926793150427e-01 1.059072803498780080e-01
5.124999999999999556e-01 2.999999999999999889e-01
2.211656254853839321e-01 4.111030277110961917e-01
2.878586244973074248e-01 4.551316316152022035e-01
4.081317793369859670e-02 5.449155149052080649e-01
1.624208703758546479e-01 2.934567470634163455e-01
1.394155459409259779e-01 2.260771376270083732e-01
1.587801554126100356e-01 2.570826488506897656e-01
3.691649412174290434e-01 1.862899456395775699e-01
6.191238248434594027e-02 1.554402587272691316e-01
2.347894616448465976e-01 2.362827169089523616e-01
1.268875555757399964e-01 1.786346403317528586e-01
2.685192755833049616e-01 1.951129981368789068e-01
2.745303727315236975e-01 2.344398695052837545e-01
3.078944553520223670e-01 2.294454211498400953e-01
2.430630645849611304e-01 2.086591141203900657e-01
2.395628482948821136e-01 1.713893747094699938e-01
2.996627354863245496e-01 1.275665783409071774e-01
2.753098402327005534e-01 1.572910781767723198e-01
2.418647416235324976e-01 1.248575873349668935e-01
3.121478853319754054e-01 1.626337536015792229e-01
3.609729558899356094e-01 1.254941440899811633e-01
3.306477781487380252e-01 1.362909757532222432e-01
4.047021050379768781e-01 1.098389427252960959e-01
5.254151874188012217e-01 1.201790343887685492e-01
4.349784220079443986e-01 2.212264451768549411e-01
4.853442384382786745e-01 1.578590220006744482e-01
4.687500000000000000e-01 2.999999999999999889e-01
2.195347205775091404e-01 3.812883862055012618e-01
2.534831674396383350e-01 3.957967895267210934e-01
2.837334566064299568e-01 4.178964565082864957e-01
2.530561385248354389e-01 4.401411947923261625e-01
3.195743385091237010e-01 4.407246316964764654e-01
3.212892916423386036e-01 4.866130920154189132e-01
1.255731504500676998e-01 3.525776059061540568e-01
4.047641819282150610e-01 1.866334542152626730e-01
3.872884279692740406e-01 1.528980609922486467e-01
3.288555911091745609e-01 8.327149764382765773e-02
3.750000000000000000e-01 0.000000000000000000e+00
0.000000000000000000e+00 1.250000000000000000e-01
4.471509783658758064e-01 1.286914483458352632e-01
4.249089830050724048e-01 1.568953623105522333e-01
1.482471971908485009e-01 1.274856531996756415e-01
1.602070050046799365e-01 1.625143780372595992e-01
2.240540198478340739e-01 1.472993341894943964e-01
2.442123574942161868e-01 6.231672396432879485e-02
4.334195105793114400e-01 2.610477462918867619e-01
5.562499999999999112e-01 2.999999999999999889e-01
5.245145924012841743e-01 2.570894865208007696e-01
4.814583163834698643e-01 2.523862002781704361e-01
4.906249999999999778e-01 3.352195584113213944e-01
4.468750000000000222e-01 3.241967596562581599e-01
4.906249999999999778e-01 2.803356758081047007e-01
5.999999999999999778e-01 3.499999999999999778e-01
5.254884786820301912e-01 3.324702944215803257e-01
5.500000000000000444e-01 4.000000000000000222e-01
5.781250000000000000e-01 2.506313021982037870e-01
5.105455240890354185e-01 3.654052619573611160e-01
4.723952522835832557e-01 3.689159112641268723e-01
5.781250000000000000e-01 3.249999999999999556e-01
5.615624999999999645e-01 3.615624999999999534e-01
5.781250000000000000e-01 2.801619975322317546e-01
6.114482451159437559e-01 2.653966498652177708e-01
7.716252708871814692e-01 2.845383365077486237e-01
6.798647947693468030e-01 3.072271808159441342e-01
6.097432194083330925e-01 2.242591092866238200e-01
6.407756749703840127e-01 2.942948542324783645e-01
5.595891745640363402e-01 1.962682850947274071e-01
6.301709370524609666e-01 8.274152940198942208e-02
6.468389513626392473e-01 3.415094089800447819e-01
7.500000000000000000e-01 0.000000000000000000e+00
6.331482278696263233e-01 1.969171865587738823e-01
6.704268944489775173e-01 2.702127302917856078e-01
6.002060109035005642e-01 1.824194108367666878e-01
7.384134812026278416e-01 2.725880492518990006e-01
7.404760282139900562e-01 2.271173895539045917e-01
7.040727703669636961e-01 2.813442026246496530e-01
7.362097434624583769e-01 3.356636233411885439e-01
7.121964227986025131e-01 3.132043114199703493e-01
6.927951772763335514e-01 3.580150546953914104e-01
5.549962723164922895e-01 7.720093137161042340e-02
6.313626785478579917e-01 1.562993953958738969e-01
6.397990781808653438e-01 2.436174898725172455e-01
5.792929198761029852e-01 2.198915516365583522e-01
6.632557164698236196e-01 2.166380965204850462e-01
2.639874796777736399e-01 5.139717934320300330e-01
3.599996169320300865e-01 4.908975426257770613e-01
7.275919628035125708e-01 5.758185510099209647e-01
4.918253659973263470e-01 5.880863337486232911e-01
3.867291088619323469e-01 5.033780180460263320e-01
5.953338143118457326e-01 5.338543496657922605e-01
2.618719524216741590e-01 6.858814458423609928e-01
3.274959650561616309e-01 5.210671758005206433e-01
2.927157803791082258e-01 5.446037180672060884e-01
2.967129380397718341e-01 5.088264455167255118e-01
2.500000000000000000e-01 1.000000000000000000e+00
3.264862295973017803e-01 5.570408646581672674e-01
2.213257010711004169e-01 5.827698028090487758e-01
2.518954378461874533e-01 5.540998252971933713e-01
2.613722664120083916e-01 5.948372958009987554e-01
1.939992256215014310e-01 5.229999139317127455e-01
0.000000000000000000e+00 7.500000000000000000e-01
2.299095937515006349e-01 5.255887844653326368e-01
2.099692800129205339e-01 5.518301940537635453e-01
2.139708965608879965e-01 4.963235468551177587e-01
1.137744148325340460e-01 5.420796552232083343e-01
1.468286360770711396e-01 4.668706970725653438e-01
1.690930160254724701e-01 5.556346078209145611e-01
1.855804611041428631e-01 4.697869385241852380e-01
3.020724388099698121e-01 5.853371228214525601e-01
5.689216499517932846e-01 5.521154028378302270e-01
5.957230001553069920e-01 5.758611074558656062e-01
1.048111563624893328e-01 8.488960719104945429e-01
2.027189255801786771e-01 7.280104926065517068e-01
1.397837132186589282e-01 5.781396076372323778e-01
1.480351370277346312e-01 5.137422826332267434e-01
1.698334472675226969e-01 4.201070059553624336e-01
2.010229351873903392e-01 4.390199079623580691e-01
0.000000000000000000e+00 8.750000000000000000e-01
0.000000000000000000e+00 6.250000000000000000e-01
1.754734085016464162e-01 5.877185375545797008e-01
8.847694672756774292e-02 7.366881682978942969e-01
2.837092733185715976e-01 7.214223208996630721e-01
1.689383930069074391e-01 6.197713303781122729e-01
1.366701936140538587e-01 8.632988048550932492e-01
5.445329752419174607e-01 5.730022655756921157e-01
5.991098117607278339e-02 8.701846779135822274e-01
1.411005671259722150e-01 3.276644169398514328e-01
1.602244993791213656e-01 3.585140781127316156e-01
1.729955639294104841e-01 3.880676955472276424e-01
1.363329236958994439e-01 4.006249773966137351e-01
1.392729782333222699e-01 4.341134762902579824e-01
0.000000000000000000e+00 3.750000000000000000e-01
1.101319830588804310e-01 4.580850193402365989e-01
1.005705521096639521e-01 5.005759463564930511e-01
0.000000000000000000e+00 4.375000000000000000e-01
8.238675605432631277e-02 5.292130561377167419e-01
7.179540973526996051e-02 5.997682048630700313e-01
5.633584712073844147e-02 5.032744732466901683e-01
8.572527296209647707e-02 5.657867470679210919e-01
1.075834151757807805e-01 5.945927864977443855e-01
0.000000000000000000e+00 5.625000000000000000e-01
1.007781941800048875e-01 6.738593944034748651e-01
9.493186578393961184e-02 6.334320477280468431e-01
1.314252144849314130e-01 6.238392402930287295e-01
0.000000000000000000e+00 5.937500000000000000e-01
3.466557188564058922e-01 5.868455213203489507e-01
6.115859955159136385e-02 6.318611852489087743e-01
3.323082502830137369e-02 6.047956716543904099e-01
0.000000000000000000e+00 6.875000000000000000e-01
4.913768548048702556e-02 5.763897474430753620e-01
4.855790071813007591e-01 1.179618803541193084e-01
4.500592044525102420e-01 6.492736030116658119e-02
4.590946351318451191e-01 9.728782353447966436e-02
5.037553083220632777e-01 6.737639415098306550e-02
5.067253638850124364e-01 9.700187382083616527e-02
6.941380580401534939e-01 1.617165620872804688e-01
3.709828665096013278e-01 8.455330799890825588e-02
2.617687411504420192e-01 3.252014199899936481e-02
4.090690051406229433e-01 6.888985275307357714e-02
4.291703213367676906e-01 9.174089372675192644e-02
4.375000000000000000e-01 0.000000000000000000e+00
4.265563990250508808e-01 3.579524529242329028e-02
3.887771778819976709e-01 3.699999966800415069e-02
4.062500000000000000e-01 0.000000000000000000e+00
1.041035464382611270e-01 2.100265037023988923e-01
1.029724288021698630e-01 2.593841869100045883e-01
9.100284415683423944e-02 1.765539255629633153e-01
0.000000000000000000e+00 1.875000000000000000e-01
1.017432659770650671e-01 1.311584582312997627e-01
7.434846108971844558e-02 2.023722253792109294e-01
7.223613649529792013e-02 2.391243506758165549e-01
0.000000000000000000e+00 3.125000000000000000e-01
3.683413439233732684e-02 2.493182915223783880e-01
6.817656360788312830e-02 2.787281522139283818e-01
1.900173556167221445e-02 2.812500000000000000e-01
4.558018035986893812e-02 3.188132258199582458e-01
1.791013577800924517e-01 1.292975245771895709e-01
2.304985909465796790e-01 9.311643931684837616e-02
1.250000000000000000e-01 0.000000000000000000e+00
2.733484211397368413e-01 9.374266713403478501e-02
2.812500000000000000e-01 0.000000000000000000e+00
3.028772878293802262e-01 9.791776602183749345e-02
2.723550073978316388e-01 6.544420418519640570e-02
3.125000000000000000e-01 0.000000000000000000e+00
1.875000000000000000e-01 0.000000000000000000e+00
3.010953827146917727e-01 3.803918010274730949e-02
1.989534178565932621e-01 6.061782504836850383e-02
3.509525427508211615e-01 4.995207412428767646e-02
2.222485479737852654e-01 2.843256672816731750e-02
3.303075648973376466e-01 2.606814129315596779e-02
4.602349598751471760e-01 2.722244507626498944e-01
4.250000000000000444e-01 3.665424909776749951e-01
4.750000000000000333e-01 4.490527251254726182e-01
4.250000000000000444e-01 4.198655574711238070e-01
5.399369607117716630e-01 2.254592447820015499e-01
6.196572286104902183e-01 3.250000000000000111e-01
6.287208292814562283e-01 3.750000000000000000e-01
6.679250781217150879e-01 4.490368622142432153e-01
6.396842288638338037e-01 4.165928378022853429e-01
6.662805806521330254e-01 3.873410088865194001e-01
5.842905235089563831e-01 4.933233134848917789e-01
7.280767483933157092e-01 4.165636811757659208e-01
6.030343567543489103e-01 4.484946604745401744e-01
7.015925639345600429e-01 3.926184256090342606e-01
7.398789215694850929e-01 3.768913304645701290e-01
6.947590765015193570e-01 4.267952580380433014e-01
7.333399513077271115e-01 4.930654649210649554e-01
7.042955309788199170e-01 4.656088890083208698e-01
6.354797174380319991e-01 4.487657613443917226e-01
6.511215407053536630e-01 5.184183048409466421e-01
6.514277854573198301e-01 4.817669232335274332e-01
6.199739463708481280e-01 4.998310773691779230e-01
4.171560159806475543e-01 5.455338599193453319e-01
2.899840391400801964e-01 6.253449709676112134e-01
1.000000000000000000e+00 2.500000000000000000e-01
7.427851479818424751e-01 4.539837082501101961e-01
6.926306352742785943e-01 5.070387123809736440e-01
4.789794723983605285e-01 5.398944952984562340e-01
2.325291386914870029e-01 6.180726362089751236e-01
7.694913106760514765e-01 1.659199140413993301e-01
7.906242197305878294e-01 4.135793038767213159e-01
6.801474706830916706e-01 4.811668945935519970e-01
7.875760576377330846e-01 5.592499210470019966e-01
7.010870671834943391e-01 5.583457514441483305e-01
7.598563223471641592e-01 4.256730024813504820e-01
7.930780665519168160e-01 4.650077589089534613e-01
7.717165836149186831e-01 3.862931767358816493e-01
7.696499989068291692e-01 5.983404615626930489e-01
3.058735230216589329e-01 6.991881869129770166e-01
7.264331368284608903e-01 5.392307057982119733e-01
7.635085249569200094e-01 4.796743163280692279e-01
8.097176642575987238e-01 5.356963394114333532e-01
7.639009636692569716e-01 5.212370068369538423e-01
2.215554041913288252e-01 7.035120400482948178e-01
5.000000000000000000e-01 1.000000000000000000e+00
1.933254907834811298e-01 6.697580195137052828e-01
7.559307968625262886e-01 5.526469352041097904e-01
6.310835275462866045e-01 5.545283160992097171e-01
2.044617645967818642e-01 7.939540633402327741e-01
2.279752554222095051e-01 6.548295295454180653e-01
2.240044011058025808e-01 7.504139663520569270e-01
7.124365343130680817e-01 6.091401098292117400e-01
1.517413800448131345e-01 7.382790079589577337e-01
3.077333976083489464e-01 7.416325195911168677e-01
6.450567453685362995e-02 7.181243274764238516e-01
1.557485903578696707e-01 6.731407043432757753e-01
2.651991450495521652e-01 7.592762879967879242e-01
7.641824667581201269e-02 7.956115741906476524e-01
5.657297304386375014e-01 1.477914637500689077e-01
1.288449265757457551e-01 4.907849286471791528e-01
8.132280364574844267e-01 5.789221841146641179e-01
2.062094852661345845e-01 8.416468317640239949e-01
1.779635398586498496e-01 7.095129797468235910e-01
0.000000000000000000e+00 5.312500000000000000e-01
6.760738046551775793e-02 3.907869771542836768e-01
9.106777641556356162e-01 3.778900596723743233e-01
2.589407086033631566e-01 6.400053585760794306e-01
3.925102107785657934e-01 5.312639464756134799e-01
5.169045517300410175e-01 5.298135883352664832e-01
9.677585119791047852e-01 4.470095679833785418e-01
3.977441161781886669e-01 7.164254109979313334e-01
6.814198268042928608e-02 9.334883523032250219e-01
1.000000000000000000e+00 7.500000000000000000e-01
8.312095009210750118e-02 8.262469057779550097e-01
6.749311524675903895e-01 3.355232136054115966e-01
7.031268233612538721e-01 2.531341512742502076e-01
1.817847355530027298e-01 7.519611229667477748e-01
1.098722840198664841e-01 8.064524070531070565e-01
2.523986092509100665e-01 7.191303796524317615e-01
1.412058150411746316e-01 7.069931429184643790e-01
2.011055579483377875e-01 6.328400488603386220e-01
1.546556010473933707e-01 8.333161083398232805e-01
5.555376624400746310e-01 5.229274366973026833e-01
6.781925192033413374e-01 5.357688188419776898e-01
3.497975561376002740e-01 7.185263885115823479e-01
0.000000000000000000e+00 8.125000000000000000e-01
4.999382009073355393e-02 7.616221498790567423e-01
4.887911800799122353e-01 4.909945907184395386e-01
3.888890456257306782e-01 5.659361681949365286e-01
5.315732970162073689e-01 4.536888050683558493e-01
1.262393155446319970e-01 8.299276533380889331e-01
4.353096711776469618e-01 6.004681701040830433e-01
5.023081117877211677e-01 4.633116826836453095e-01
5.280141809757816773e-01 4.921770041977955312e-01
1.331971090368888055e-01 7.706329676714558374e-01
3.654477261340776106e-01 5.401334486384973266e-01
5.565057008293416985e-01 4.754030376604114760e-01
6.717763471521855934e-01 5.705395985704639905e-01
1.749715225152443099e-01 4.987378159712967385e-01
9.562417304812542707e-02 7.661526423710713907e-01
1.187925086421025567e-01 7.362356395228943917e-01
1.429868762841206009e-01 5.425185858640516612e-01
6.648357451491725412e-01 1.813832184968130201e-01
6.637978565718849477e-01 1.481740150723374616e-01
6.991789935471367512e-01 1.096652603280064281e-01
6.250000000000000000e-01 0.000000000000000000e+00
1.313581006799730833e-01 2.699163187945693987e-01
1.265051842379370239e-01 1.484406132626917285e-01
0.000000000000000000e+00 6.250000000000000000e-02
1.889892750031160057e-02 3.437500000000000000e-01
5.474824114198916652e-02 3.553649193834371167e-01
8.911183775141194585e-02 3.273200529791281399e-01
3.377307728139458676e-02 3.830245878642207780e-01
4.178959218015037419e-02 4.257014199296217383e-01
0.000000000000000000e+00 4.062500000000000000e-01
8.225107115841041872e-02 4.286181969636602140e-01
3.112937801155133549e-02 4.678507504003220907e-01
1.014352510961962633e-01 3.994426473130141542e-01
7.150150521973663853e-02 4.667128079551733921e-01
1.200545154903102929e-01 6.676422338095513997e-02
4.494673285051923872e-01 3.523588775819615493e-01
4.749999999999999778e-01 4.181556665575571485e-01
5.750000000000000666e-01 4.259065351585479275e-01
7.419405685992641608e-01 3.036341682420843346e-01
7.952233402924632211e-01 5.018054892089521823e-01
8.673278234033788836e-01 4.791404654501306148e-01
8.356975087453785145e-01 5.045405007827796773e-01
8.312446883573753054e-01 4.666010492229867301e-01
8.727621169938629686e-01 5.183021320901900486e-01
7.353856479717013617e-01 1.835158991176177312e-01
8.066960215449442417e-01 2.805540187682374897e-01
8.355421031319014702e-01 3.622599390535419794e-01
8.982923934901920759e-01 4.948015271028316509e-01
8.066445790631514567e-01 3.822841757990321221e-01
8.246474421490269657e-01 4.295845245864423623e-01
7.843793582998974667e-01 2.404603382813693679e-01
7.776692378855696308e-01 3.265542875237327225e-01
9.552102221238606417e-01 3.724685739654176042e-01
5.250000000000000222e-01 4.214262174433010544e-01
8.091875189461837925e-01 2.209135912887069397e-01
2.003614043452018600e-01 6.034216043289752918e-01
2.926850865221369835e-01 6.633949100822171818e-01
3.418837799111315578e-01 6.407816080955830440e-01
3.218580796455258186e-01 6.131455515580640503e-01
3.261555357905063235e-01 6.713886980876903054e-01
3.731074076134042183e-01 6.761714033869240525e-01
4.473156934343565649e-01 5.344695649246020697e-01
4.574554405738817664e-01 5.704054495000040470e-01
5.640026715683383873e-01 6.841107448385407297e-01
5.130715849308329357e-01 5.626970831432709375e-01
3.875098952103406269e-01 6.162572542943377529e-01
3.075674565741911073e-02 7.310345758978110675e-01
3.782723622978879652e-01 8.202055539005584928e-01
4.157496435394498341e-02 8.192858429891535232e-01
1.624066502843563367e-02 8.437500000000000000e-01
2.542477757349327280e-02 7.874815080390593636e-01
2.572586659324307412e-01 8.158977068437953672e-01
1.834834493335182337e-01 8.186012293105593418e-01
1.549081164086144602e-01 7.982151214219925794e-01
5.625000000000000000e-01 0.000000000000000000e+00
8.878072380261592400e-02 8.730801828069888471e-01
5.024996937686263543e-01 3.365352691327094109e-02
6.393496426876588146e-01 1.193814083311529051e-01
6.013415074111867487e-01 1.304815549439243827e-01
6.658147696094357526e-01 9.328196913806442725e-02
5.698828926597664379e-01 1.110486754787414904e-01
5.925153627091122033e-01 8.089713542282900294e-02
6.875000000000000000e-01 0.000000000000000000e+00
5.312500000000000000e-01 1.459843250058501241e-02
7.009306332455141897e-01 6.393367165890273540e-02
5.273825491853588732e-01 1.675613513244303410e-01
5.011495932076502902e-01 1.853005732241271020e-01
7.030438136951286943e-01 2.131976729005877480e-01
7.861128818590967793e-01 3.575616699235684703e-01
7.411868417838305412e-01 1.400032792283164851e-01
6.987027252280184064e-02 1.236846742628181089e-01
3.507628685761945975e-02 1.318402749773415761e-01
9.093424045131259792e-02 9.167300406705979066e-02
0.000000000000000000e+00 1.562500000000000000e-01
1.784501556392430188e-02 2.187500000000000000e-01
3.857859025714613366e-02 1.861901758932902051e-01
4.863882540040810609e-02 2.193313321980549513e-01
1.116843160556679621e-01 3.257893302008621483e-02
1.246029423337499387e-01 1.015579910247828566e-01
1.607077869181178509e-01 7.914399208478882508e-02
8.734787097174966097e-02 5.800395526806140234e-02
6.250000000000000000e-02 0.000000000000000000e+00
8.015628637924365751e-02 2.676053083481670647e-02
1.562500000000000000e-01 3.178318579182059372e-02
3.641533161957935527e-02 3.641533161957935527e-02
9.111449992448442115e-02 3.633752465560461387e-01
9.762456256898968676e-02 2.948466270658459676e-01
8.625333721501144968e-01 4.401123677417981828e-01
9.502549810146031506e-01 4.757075093173271374e-01
8.075319882972904484e-01 1.709915770253097045e-01
8.533610924470362846e-01 3.996872556163565959e-01
1.000000000000000000e+00 3.750000000000000000e-01
9.195859102441019672e-01 3.452024645426167715e-01
7.965826660006756210e-01 1.079180208740117830e-01
7.840707961802787507e-01 2.017649519075974951e-01
9.206596890032984204e-01 4.754193592382233713e-01
9.358379344417724344e-01 4.364728624871062612e-01
8.600541190035873029e-01 3.076610493964266335e-01
8.796882541770169039e-01 3.641975721925371778e-01
7.921487914818502452e-01 1.411748819309769643e-01
8.472905140919976263e-01 1.316024948691034424e-01
8.407700572796379390e-01 2.206617479584200014e-01
7.557567821543298425e-01 2.032355037017427313e-01
8.984350558478773063e-01 4.094804068593166368e-01
1.000000000000000000e+00 4.375000000000000000e-01
9.350767355761291366e-01 5.146540060684442475e-01
9.624134820831614645e-01 4.095826630155297021e-01
1.000000000000000000e+00 4.687500000000000000e-01
9.304335673705492749e-01 4.037138185050428429e-01
8.487669264876664954e-01 5.542806086744527239e-01
1.000000000000000000e+00 6.250000000000000000e-01
8.877451512532833489e-01 3.297219987610962577e-01
8.574767110643334300e-01 3.393056741035859192e-01
9.211671282800201199e-01 2.593610911229164429e-01
8.189311386700688367e-01 3.244295991574842053e-01
9.207662125873049552e-01 3.022889560743278192e-01
9.068799285608911687e-01 5.670472021176677924e-01
9.669313130196206529e-01 5.046375011282333567e-01
1.000000000000000000e+00 5.625000000000000000e-01
9.623255100389837002e-01 5.456504425061189378e-01
8.882462216987034864e-01 2.805194379053812526e-01
1.000000000000000000e+00 3.125000000000000000e-01
8.803134987115996957e-01 5.493292049753962791e-01
8.708866735282357885e-01 5.922397209138435814e-01
1.000000000000000000e+00 5.312500000000000000e-01
9.634185873812486367e-01 5.937500000000000000e-01
9.306254329600188724e-01 5.460424507946551875e-01
9.042338235112153955e-01 5.268740238747742222e-01
8.474651153115866364e-01 2.663723680064061239e-01
8.828967955887262464e-01 2.360056187840222641e-01
9.167213839809423837e-01 6.194165079052814660e-01
8.193397140695315439e-01 2.512099576755443264e-01
8.999525458657184895e-01 5.954584006685336162e-01
8.818629238934795334e-01 6.259672531520046324e-01
8.333935187494024843e-01 6.230912667063440713e-01
9.133276925248270395e-01 6.973791478906574692e-01
9.059277481632473927e-01 6.580018472229811621e-01
1.000000000000000000e+00 6.875000000000000000e-01
8.460311804046869444e-01 6.896418210137489346e-01
9.336194405991482537e-01 6.731818747712016160e-01
9.592694004632295046e-01 7.152987716550739394e-01
8.690291273286803175e-01 6.606643855332262616e-01
8.797614694352307030e-01 6.927969909059749076e-01
8.867269131039658969e-01 7.670066071631946869e-01
8.919030732911805703e-01 7.290890613060065917e-01
9.320735596377738297e-01 7.538848467380926399e-01
8.413349146057051975e-01 7.414980281495220371e-01
3.479856121580031658e-01 6.899374724288573901e-01
4.366304432290899484e-01 6.649595446535322418e-01
5.672321164719422715e-01 6.262847537550920718e-01
3.748722928685552236e-01 5.907314531813068204e-01
4.058664669251641488e-01 5.915809107613838602e-01
3.733027426450976627e-01 6.445302105539334470e-01
4.083004286828767482e-01 6.444105147274949985e-01
3.521708917078889001e-01 7.726884514931904313e-01
2.258212523696458696e-01 8.170497435003056808e-01
2.388202383640717352e-01 7.836031960489451276e-01
2.427941796236072480e-01 8.506995872331576392e-01
3.162430506143332209e-01 8.608198469288017574e-01
2.120232122712894518e-01 8.966027728078006520e-01
2.808483569034194716e-01 8.461089733536197866e-01
3.076922386407273113e-01 8.008332830306985617e-01
2.749537869936953260e-01 9.102270941306708218e-01
2.652717159394819557e-01 8.770069794097959948e-01
1.783808510385836987e-01 7.809187839667071085e-01
1.250000000000000000e-01 1.000000000000000000e+00
4.687500000000000000e-01 1.924076496522601765e-02
7.113170233382275498e-01 1.371105210589637913e-01
1.876164265904091411e-01 3.136894573814430487e-02
4.235943739749534892e-02 8.461410381693504346e-02
7.572994828098466025e-01 2.506626090400678741e-01
1.000000000000000000e+00 4.062500000000000000e-01
8.318063156251839230e-01 2.971955065202782631e-01
1.000000000000000000e+00 1.250000000000000000e-01
9.637355481356489895e-01 2.812244544636313681e-01
9.581413155787361635e-01 3.247899148037080574e-01
1.000000000000000000e+00 3.437500000000000000e-01
1.000000000000000000e+00 5.937500000000000000e-01
8.798905715265790128e-01 1.787576256369899919e-01
8.014091128626376070e-01 6.110059739024218395e-01
7.996720884634436199e-01 6.639700158041806910e-01
8.402843031373801175e-01 5.932574286512707351e-01
9.580688723198176326e-01 6.370486002766919675e-01
1.000000000000000000e+00 6.562500000000000000e-01
9.686358024049419591e-01 6.718750000000000000e-01
1.000000000000000000e+00 7.187500000000000000e-01
9.296758698818635702e-01 7.233179476515471107e-01
9.658581788799720513e-01 7.488195907726186151e-01
1.000000000000000000e+00 8.750000000000000000e-01
9.555599039124557104e-01 7.953335992738636007e-01
1.000000000000000000e+00 8.125000000000000000e-01
8.853530249212185899e-01 8.016412860357710057e-01
4.070724458564677350e-01 6.830499612417387789e-01
4.448631661466756482e-01 7.116036884608683000e-01
5.690328378385146602e-01 5.940412875262717218e-01
3.376168500092923686e-01 7.461931669670268663e-01
3.749575039430387835e-01 7.445569312455608824e-01
4.263011092645729305e-01 7.628510282722157365e-01
2.950818231503825606e-01 7.712241196891351791e-01
1.230016745802094968e-01 9.185016821742577608e-01
0.000000000000000000e+00 3.125000000000000000e-02
3.125000000000000000e-02 0.000000000000000000e+00
0.000000000000000000e+00 9.375000000000000000e-02
5.717166258353566233e-02 5.832147450391113319e-02
9.586843629288542834e-01 2.386867384845299256e-01
1.000000000000000000e+00 1.875000000000000000e-01
1.000000000000000000e+00 2.187500000000000000e-01
1.000000000000000000e+00 2.812500000000000000e-01
9.721360477007529033e-01 3.495796805533420981e-01
8.692322121930169398e-01 2.080202491009472132e-01
8.429595634851049235e-01 1.818785667137229334e-01
9.089985585746782615e-01 2.059320266011786249e-01
9.374426483511727470e-01 1.462872275190372773e-01
9.291369277455779896e-01 2.294457147858511292e-01
9.517372525538920769e-01 1.897089708310740475e-01
9.137968596511515385e-01 1.716155249902253654e-01
8.889382438892019511e-01 1.376562723304282365e-01
8.750000000000000000e-01 0.000000000000000000e+00
8.776149480975409256e-01 6.926901354761649809e-02
8.723824789883516395e-01 1.052664483763563752e-01
8.335960545271701161e-01 8.124957618598596665e-02
9.246429540828716709e-01 9.448385500832907902e-02
8.034056080928674293e-01 7.119222694284650377e-01
9.177694973415737589e-01 7.893685167816241188e-01
8.650931910653444357e-01 8.297657892576513206e-01
1.000000000000000000e+00 9.375000000000000000e-01
9.313652037729475142e-01 8.259248000500644116e-01
7.500000000000000000e-01 1.000000000000000000e+00
1.000000000000000000e+00 8.437500000000000000e-01
9.652829367926175630e-01 8.510213571419440459e-01
7.979151958094765629e-01 8.491485304202203155e-01
8.388464006510967241e-01 7.894991264554386268e-01
1.000000000000000000e+00 7.812500000000000000e-01
4.998173013645073604e-01 6.778556339568651001e-01
4.232208555382078186e-01 7.327500367422008498e-01
1.166997706050647288e-01 8.876476612319640358e-01
9.744751810437072281e-01 1.581597668046134664e-01
9.712383378563030911e-01 2.119244758150937158e-01
8.263779729347839886e-01 1.102513716337014671e-01
8.125000000000000000e-01 0.000000000000000000e+00
7.816351806616114173e-01 3.879751397765589249e-02
9.163871798942403446e-01 1.240066852771318506e-01
8.173649725053251380e-01 6.867139347221371537e-01
8.348529470157938226e-01 6.572893233328100937e-01
8.318897758269576670e-01 7.145018877640642030e-01
8.626490648551506935e-01 7.186990264231077896e-01
7.197512226872332386e-01 6.943140540805097238e-01
9.710572285217561328e-01 8.213204755829931480e-01
9.163790118653610817e-01 8.816464891452324704e-01
9.348160739669060249e-01 8.567289935804874856e-01
9.573146764064947023e-01 8.926560212437704145e-01
8.978599235337091367e-01 8.486640009342134583e-01
9.375000000000000000e-01 1.000000000000000000e+00
8.655702648313812198e-01 8.667940776549725168e-01
8.750000000000000000e-01 1.000000000000000000e+00
8.572121309789894061e-01 7.663862033539688978e-01
4.656780707636326566e-01 6.838812312390765147e-01
4.751168240698239731e-01 6.376342526314318082e-01
4.903785480583160439e-01 7.241026125645095846e-01
8.017254456100982862e-01 7.603589402700332289e-02
7.606083128933973647e-01 8.575929632554316062e-02
7.654946807759549499e-01 1.181076227088579678e-01
7.332861277270565914e-01 1.064296594719210676e-01
7.404327387670791571e-01 4.842427232757456901e-02
7.286258305384387679e-01 7.641253674215561786e-02
7.098832004360585701e-01 2.867546219534414936e-02
8.239169781014629157e-01 4.039916926372868339e-02
8.437500000000000000e-01 0.000000000000000000e+00
7.641593486367843635e-01 6.908564770657223963e-01
1.000000000000000000e+00 9.062500000000000000e-01
8.470690286233538702e-01 8.988725127755984312e-01
8.341656686977355628e-01 8.486814780564748695e-01
8.156349020992810228e-01 8.174396044633810421e-01
7.388359310255137036e-01 7.953280632659885940e-01
7.875644623026487601e-01 7.705084474344195966e-01
7.746554109485703776e-01 8.153448454349604413e-01
9.293865487297079397e-01 9.148901406796836611e-01
9.636916383253697482e-01 9.293233064187428338e-01
8.853760700499461178e-01 9.215368304506165176e-01
7.138579829529145826e-01 8.820827898761738339e-01
9.738875742833222882e-01 9.687500000000000000e-01
7.364696200673854776e-01 8.416198885560642884e-01
9.315971624481329538e-01 9.576210586353863796e-01
9.062500000000000000e-01 9.827521551001026090e-01
8.732233416934993553e-01 9.598473952576114243e-01
9.019967362374502473e-01 9.478919765450388724e-01
8.125000000000000000e-01 1.000000000000000000e+00
8.437500000000000000e-01 9.812671301422180026e-01
7.966367461885248691e-01 9.381051516950975611e-01
8.371414889061324915e-01 9.411865051142156435e-01
8.137739338813483325e-01 9.666932494861181224e-01
7.812500000000000000e-01 9.821269954807499980e-01
7.376764843797526394e-01 9.421970012208865652e-01
7.530794597955159375e-01 9.691282864015161591e-01
6.250000000000000000e-01 1.000000000000000000e+00
6.875000000000000000e-01 1.000000000000000000e+00
7.148922583397551156e-01 9.730985253980303229e-01
6.562500000000000000e-01 9.407831476510636337e-01
6.970568708529764068e-01 9.360978237558906789e-01
6.798393909667582724e-01 9.661885943046916170e-01
6.562500000000000000e-01 1.000000000000000000e+00
6.720919442016242140e-01 8.987121366128668631e-01
7.211470798536351312e-01 9.139704966280143283e-01
7.643864475299446681e-01 8.873096164557777721e-01
4.425835286732192619e-01 6.325784146418305109e-01
4.663758093240804592e-01 6.070954234542205175e-01
5.203536881356201071e-01 6.252978358181670027e-01
4.598834092674497498e-01 7.460294071499239399e-01
5.221110335902607869e-01 8.004044837427665149e-01
4.973417815664522568e-01 7.659561390351257160e-01
5.448145824327950137e-01 7.365520134821856857e-01
4.594197038441887315e-01 8.193521342690825993e-01
5.150401071640753337e-01 7.415056372592377931e-01
5.213818824728662094e-01 7.063435340976736976e-01
4.572355154987289283e-01 7.826754912540736520e-01
4.875600339740449596e-01 7.992729467710588676e-01
5.031633241055237793e-01 8.508989256963920278e-01
7.812500000000000000e-01 0.000000000000000000e+00
7.386234600645856796e-01 6.497922547046636188e-01
7.732089987963431943e-01 6.355673470874231290e-01
7.456135305921910428e-01 7.395707125838554274e-01
8.083477144527084768e-01 7.446933046683479329e-01
7.777632513075402043e-01 7.325474902243677144e-01
8.862880570347371201e-01 8.902526512465471775e-01
6.546770848564807954e-01 8.142324865139767276e-01
7.405934279816193122e-01 8.704737835590140582e-01
8.061348030141667342e-01 8.901802731690092729e-01
7.837545201739070100e-01 9.106484384430645340e-01
4.935920836183674276e-01 6.162732914739059709e-01
5.221405823049987127e-01 5.943864897647251899e-01
5.432001736711622453e-01 6.539458005337679403e-01
5.024007157869392337e-01 6.485739912676109498e-01
5.835046215935350000e-01 8.893725265321829054e-01
7.436910286143789683e-01 6.177673756487636059e-01
7.433759185699029270e-01 7.108314665491256568e-01
7.561855772508849771e-01 7.691464023210219381e-01
6.993931845716122586e-01 8.165182507087914709e-01
6.770287512936947749e-01 7.487461276280513722e-01
6.265805296574554761e-01 9.055928672167307125e-01
7.038143211189045179e-01 8.499207389022598313e-01
7.094558149075772535e-01 7.302154023962297291e-01
7.198159444191648548e-01 7.647254819454153418e-01
6.704544310243375493e-01 6.996041212403720788e-01
6.785458407192939134e-01 7.858216287618697837e-01
6.299665607593400996e-01 7.692406509842475426e-01
6.066769187012264197e-01 9.524764449643179365e-01
6.214147145835754449e-01 8.540036623533235893e-01
6.887839045125262460e-01 6.531369431461192532e-01
6.402842787582940787e-01 7.286511135775738390e-01
5.930162121418609544e-01 7.382418694463194209e-01
6.194215471182876742e-01 6.767898159060722341e-01
6.403293147648837502e-01 6.985060241151052063e-01
6.539382109682139177e-01 6.644809375942648533e-01
6.200294559326807731e-01 6.239441151333169344e-01
6.281572111111826118e-01 5.896503654003424355e-01
6.638808834485676602e-01 6.162270479569806891e-01
5.963959883326140909e-01 9.204451984974735268e-01
5.248411124463818744e-01 9.319212314464595526e-01
5.625000000000000000e-01 1.000000000000000000e+00
5.592493466200176844e-01 9.176460134648216638e-01
5.562432635388708801e-01 9.590058164354990922e-01
5.267808304574913558e-01 8.879911182296180705e-01
5.312500000000000000e-01 9.837949717140607175e-01
5.840487904316427059e-01 9.757365573617563514e-01
3.750000000000000000e-01 1.000000000000000000e+00
5.562512926540015279e-01 8.431615357444209868e-01
4.884994109331099454e-01 8.863008162134189405e-01
5.314454516269959683e-01 8.589560215380664943e-01
4.891807825514323249e-01 9.230433264453450359e-01
4.986797176097090833e-01 9.609467512783016474e-01
4.333718939317017238e-01 9.573734395892226079e-01
4.508604377660733187e-01 8.628597666090322971e-01
6.285021035469636752e-01 9.340752936660353667e-01
6.365627185280104960e-01 9.682478209753864196e-01
6.112199013738257580e-01 8.810777445253691331e-01
6.091529625272124049e-01 8.099536499504181863e-01
6.627542778246084954e-01 8.547827695052101493e-01
7.127786263902115005e-01 6.376802433295570838e-01
6.934801914549681978e-01 6.818381606699778219e-01
5.674026748730156555e-01 7.805459951202349256e-01
5.696685153465795848e-01 7.159149225290688534e-01
6.018463447343207484e-01 7.056370080080773821e-01
6.450183390606204492e-01 6.374917212777623243e-01
6.857949075869894662e-01 5.964881630072911278e-01
5.876328204597294214e-01 8.557959479063111941e-01
4.687500000000000000e-01 9.815075342104221390e-01
4.742651763517153896e-01 8.448684366590889505e-01
4.189955455829030839e-01 8.339952300434515520e-01
4.251588509960339546e-01 7.986809265520712353e-01
3.905250970748599948e-01 7.804610972322333362e-01
4.359786950495065372e-01 9.146268666260365388e-01
4.221083959867787394e-01 8.625796408175162577e-01
3.895062059133405641e-01 8.524453848449817794e-01
3.931712586968598155e-01 8.981630206170503339e-01
6.461780657388767057e-01 8.812633192778547286e-01
5.354167059676130380e-01 7.691729816039840628e-01
5.683950024703452453e-01 7.522407380972844226e-01
5.978094358625625215e-01 7.700500574941883114e-01
5.749378297199316812e-01 8.141887138016504766e-01
3.487665845159412248e-01 8.917292103381261326e-01
4.375000000000000000e-01 1.000000000000000000e+00
3.514674999666064226e-01 8.469422249568003824e-01
3.240914748043913218e-01 8.290983681052239707e-01
4.596235780190019993e-01 9.375215666124068203e-01
4.062500000000000000e-01 9.815131895734935386e-01
3.638331241437742225e-01 9.454677590605682358e-01
3.994361472512498734e-01 9.465514802790500060e-01
4.582111604940891647e-01 8.929955288814604986e-01
3.736089059723102235e-01 8.767255524630160890e-01
3.112690429101263589e-01 8.986192928323539775e-01
3.353987202104469212e-01 9.244584822795431922e-01
3.125000000000000000e-01 1.000000000000000000e+00
3.284596721828647037e-01 9.635964412893621711e-01
3.567988800995578469e-01 9.753176737362628801e-01
2.812500000000000000e-01 9.645994811262884605e-01
3.680179392056851517e-01 9.153131151770728113e-01
2.812500000000000000e-01 1.000000000000000000e+00
2.282571522331577896e-01 9.493130703146189786e-01
2.511331717663851659e-01 9.695070006059690604e-01
2.745833054304759602e-02 6.562500000000000000e-01
6.296887127699572761e-02 6.698403925898015476e-01
4.483019421880224398e-01 4.690689310194352535e-01
1.280367099795276520e-01 6.561618170178291631e-01
6.188885884951632610e-01 4.191427676221087112e-02
6.562500000000000000e-01 2.595916396790729289e-02
6.561849126472719673e-01 6.030926266802352775e-02
5.616281424756238705e-01 3.888039473262409201e-02
5.937500000000000000e-01 1.684620178513459784e-02
5.329491787027582639e-01 5.365125914786279815e-02
5.897182047802866922e-01 5.059214312457291363e-02
1.776607616027072456e-01 8.724524533659717695e-01
1.704026592866363099e-01 9.193012811032329479e-01
2.023797861582368462e-01 9.284278433322163959e-01
1.875000000000000000e-01 1.000000000000000000e+00
1.759990298254912877e-01 9.602761334536532578e-01
2.059734966689362456e-01 9.731246685884368253e-01
1.562500000000000000e-01 1.000000000000000000e+00
0.000000000000000000e+00 9.375000000000000000e-01
3.021269094805864586e-02 8.757923587376559293e-01
6.428695981387876068e-02 9.018026467130991763e-01
3.325627279092414901e-02 9.216553394761466400e-01
6.250000000000000000e-02 1.000000000000000000e+00
0.000000000000000000e+00 9.062500000000000000e-01
0.000000000000000000e+00 9.687500000000000000e-01
3.929064158780443128e-02 9.612059798037768665e-01
3.125000000000000000e-02 1.000000000000000000e+00
1.047854268967605418e-01 9.597219998062920254e-01
1.404633911733976503e-01 9.508536911766971578e-01
9.375000000000000000e-02 1.000000000000000000e+00
7.220547095770374346e-02 9.678537334322655505e-01
9.375000000000000000e-01 0.000000000000000000e+00
9.610096991079174478e-01 1.129812524580929844e-01
9.531250000000000000e-01 3.380246733330213860e-02
9.310932071219359951e-01 6.382491768961126577e-02
1.000000000000000000e+00 6.250000000000000000e-02
9.057141118679508107e-01 2.956809082398435123e-02
9.687500000000000000e-01 0.000000000000000000e+00
8.710564317648403776e-01 3.483273686728331070e-02
1.000000000000000000e+00 9.375000000000000000e-02
9.656022003967923428e-01 6.605395895900904868e-02
5.885453591277366447e-01 6.564782219472528046e-01
3.480965595720669215e-01 8.058539198120062697e-01
3.010771741501610532e-01 9.347527963595465561e-01
2.406232562267696939e-01 9.166494579617722183e-01
3.598290493191114159e-02 6.947103905812626046e-01
1.000000000000000000e+00 3.125000000000000000e-02
2.585904295339213066e-01 4.775199585259336521e-01
