2.999999999999999889e-01 2.999999999999999889e-01
5.999999999999999778e-01 2.999999999999999889e-01
5.999999999999999778e-01 4.000000000000000222e-01
4.000000000000000222e-01 4.000000000000000222e-01
1.000000000000000000e+00 1.000000000000000000e+00
0.000000000000000000e+00 1.000000000000000000e+00
0.000000000000000000e+00 5.000000000000000000e-01
0.000000000000000000e+00 2.500000000000000000e-01
0.000000000000000000e+00 0.000000000000000000e+00
1.000000000000000000e+00 0.000000000000000000e+00
1.000000000000000000e+00 5.000000000000000000e-01
4.250000000000000444e-01 2.999999999999999889e-01
8.724734531370734736e-01 5.019942467641470563e-01
5.000000000000000000e-01 4.000000000000000222e-01
7.012952568924228913e-01 3.499999999999999778e-01
6.043694002850130698e-01 7.116999470250114923e-01
5.499999999999999334e-01 5.012952568924227137e-01
5.000000000000000000e-01 0.000000000000000000e+00
7.577769554081853487e-01 5.577769554081852821e-01
6.613754051901383768e-01 5.019942467641470563e-01
7.500000000000000000e-01 0.000000000000000000e+00
5.000000000000000000e-01 1.000000000000000000e+00
7.577769554081853487e-01 4.462115381201088304e-01
7.577769554081853487e-01 1.794710017597208052e-01
3.927170510843708273e-01 6.541647687170102365e-01
1.000000000000000000e+00 2.500000000000000000e-01
6.872997825364179914e-01 2.507462127154371223e-01
5.692880733585594655e-01 1.435706422138135485e-01
6.050748787161376319e-01 5.992906700127862418e-01
4.916221326916497825e-01 5.985786427904830065e-01
3.862039865521386117e-01 5.267914117382651584e-01
2.152072694191996538e-01 1.668246128076988632e-01
8.582037441187175819e-01 3.225704759084706552e-01
0.000000000000000000e+00 7.500000000000000000e-01
2.519616019349485425e-01 4.480383980650514131e-01
3.625000000000000444e-01 2.236607142857142960e-01
2.500000000000000000e-01 0.000000000000000000e+00
4.622977846102668820e-01 1.743303571428571619e-01
1.000000000000000000e+00 7.500000000000000000e-01
1.000000000000000000e+00 3.750000000000000000e-01
2.982671553305486500e-01 5.951411396705903467e-01
2.500000000000000000e-01 1.000000000000000000e+00
1.445024609977249019e-01 3.079852340136501332e-01
3.750000000000000000e-01 0.000000000000000000e+00
5.124999999999999556e-01 2.575996584235009657e-01
8.767466876501861517e-01 6.565873783943576569e-01
2.653112381570057465e-01 9.023376287562931419e-02
1.250000000000000000e-01 0.000000000000000000e+00
0.000000000000000000e+00 1.250000000000000000e-01
4.375000000000000000e-01 7.772528545021589741e-02
9.952124424519558088e-02 1.875000000000000000e-01
9.083910012308378523e-02 9.083910012308381299e-02
6.250000000000000000e-01 0.000000000000000000e+00
6.748786392413761437e-01 1.019498757029046326e-01
8.838182027256917817e-01 1.978049753722651294e-01
8.750000000000000000e-01 0.000000000000000000e+00
1.000000000000000000e+00 1.250000000000000000e-01
8.335531549088467385e-01 1.009467589753092892e-01
1.283939196452140719e-01 4.857204019412361129e-01
0.000000000000000000e+00 3.750000000000000000e-01
1.697433554631482266e-01 3.998704343038975706e-01
9.068441927093248145e-01 4.089813898577169815e-01
2.198607859217448224e-01 2.574431673316221469e-01
1.000000000000000000e+00 6.250000000000000000e-01
7.033001027627998614e-01 8.492482600002164705e-01
7.430622487906068940e-01 6.965199415448929399e-01
6.929863702817722348e-01 6.210572349325045316e-01
8.359479494965412760e-01 7.637408552224475011e-01
7.500000000000000000e-01 1.000000000000000000e+00
6.800131200944619092e-01 7.616454873239565382e-01
5.765843757286287508e-01 8.360359186944366083e-01
4.805039858636053207e-01 7.492925847479958712e-01
4.416052699594807396e-01 8.784292566624867238e-01
3.665794436363404296e-01 7.663555509297385049e-01
3.750000000000000000e-01 1.000000000000000000e+00
3.111552492659213631e-01 8.846075616075010917e-01
7.889316368428070381e-02 6.250000000000000000e-01
2.134871814341317564e-01 9.067474407667223124e-01
1.250000000000000000e-01 1.000000000000000000e+00
2.354177202816710446e-01 7.769951740455939282e-01
7.831551874781017553e-02 8.670922406260949122e-01
2.948391487241349695e-01 6.957439249567870521e-01
1.819076689203339703e-01 6.755077557140359845e-01
1.267109024610465484e-01 7.694612014033722636e-01
1.946147972847794283e-01 5.694865367651122945e-01
3.545553376275270008e-01 1.273378098011483384e-01
9.278684036609381458e-01 8.750000000000000000e-01
8.750000000000000000e-01 1.000000000000000000e+00
8.140588514403325204e-01 8.754264110896131657e-01
6.250000000000000000e-01 1.000000000000000000e+00
5.625000000000000000e-01 9.293249490574366778e-01
