31 23 33
1085 962 1084
271 630 228
28 144 88
144 30 35
445 446 159
15 34 90
959 966 615
849 859 1240
81 83 225
435 12 118
45 63 71
120 10 136
141 18 62
970 823 792
330 6 155
103 27 34
300 401 80
60 72 13
68 30 29
179 91 166
445 88 178
29 25 679
48 58 0
66 228 36
28 22 30
145 144 151
16 98 55
38 25 3
22 33 19
25 19 4
40 0 208
58 54 78
104 0 29
100 6 16
146 217 4
140 24 46
619 290 372
308 250 28
97 254 70
102 44 31
99 102 100
683 682 235
51 101 47
48 40 101
225 224 11
77 57 36
43 82 50
44 54 23
61 50 60
49 47 59
57 54 43
263 227 106
81 82 69
48 51 32
70 93 27
89 86 279
46 51 61
68 23 32
50 81 71
49 71 18
141 57 49
13 92 76
64 72 11
89 79 63
76 407 140
407 270 24
68 78 302
58 67 19
53 93 83
39 142 55
60 59 11
108 18 63
1079 107 256
125 1767 92
108 110 92
65 62 274
78 46 629
67 32 77
2963 116 64
299 86 17
53 9 59
47 99 53
142 9 69
213 85 225
86 224 84
56 85 80
91 148 156
145 21 3
224 56 64
6 102 203
20 145 87
75 74 62
55 69 100
331 334 207
692 434 641
214 98 103
98 210 39
96 97 27
82 101 41
34 93 41
43 44 99
40 90 41
16 207 96
678 327 33
679 681 678
262 52 210
294 298 73
72 116 75
638 130 139
75 126 125
125 117 121
116 2964 126
705 1481 689
852 129 1685
1448 1262 667
79 112 108
666 111 126
277 10 133
663 1360 1558
221 12 139
1770 124 111
286 138 1356
1989 1762 1986
218 1767 121
111 74 110
117 110 112
1002 1266 1129
1748 1359 1011
114 1129 440
2964 221 109
2999 2998 2807
282 276 296
276 118 221
1130 713 1475
648 662 669
1683 12 283
1747 1754 1259
122 2360 1389
1381 109 120
141 65 36
140 61 13
70 258 83
399 403 2967
3 4 26
26 91 88
35 302 628
217 305 151
238 87 151
461 181 205
239 238 305
147 148 26
170 723 161
157 173 178
197 201 448
15 203 209
87 174 166
153 179 167
166 165 171
5 450 308
164 176 165
190 152 191
171 314 194
195 172 194
234 160 174
160 186 158
20 156 158
172 157 171
182 174 238
682 310 234
152 314 315
162 167 158
167 163 197
197 446 153
156 168 164
476 475 490
240 160 475
1212 348 565
179 153 21
178 20 157
505 242 506
515 201 149
415 183 168
235 234 182
305 304 417
216 415 229
165 315 314
200 195 504
243 194 190
472 328 246
242 188 161
724 519 161
893 888 884
502 521 523
163 162 188
163 243 187
504 245 535
173 172 154
387 545 324
330 2971 331
187 205 201
181 154 200
326 203 208
202 155 90
206 326 327
149 200 535
729 204 251
330 94 103
31 327 202
326 252 155
211 97 106
210 257 254
399 372 400
258 300 84
334 264 96
383 379 375
185 312 235
35 303 147
1768 1765 124
273 271 270
658 1263 646
120 130 133
289 285 293
1005 1004 998
85 89 45
45 9 84
300 255 259
403 257 52
629 24 2
632 185 633
394 549 471
521 518 371
481 478 310
877 500 866
169 164 183
183 216 42
486 493 1016
683 484 483
168 148 150
150 633 415
476 495 176
499 496 1014
190 519 180
505 195 188
463 510 551
506 473 196
555 189 563
729 371 516
512 536 502
394 390 537
38 680 679
509 510 206
340 209 729
262 351 267
255 39 211
226 258 254
1084 402 73
227 259 211
213 142 255
257 260 226
1085 259 404
401 1084 299
106 264 253
267 2967 52
214 333 262
351 333 352
610 608 377
263 253 2968
354 352 332
578 395 460
219 66 275
444 2 219
406 634 273
441 219 272
76 1767 1766
270 408 405
133 278 132
118 282 280
276 2964 2963
298 297 56
289 677 277
1473 1240 1569
132 285 277
136 435 1684
1078 292 1079
292 222 282
122 1458 1391
669 667 1758
290 966 963
222 852 280
821 288 37
854 998 293
285 294 284
1078 291 222
296 107 292
1075 1079 676
297 294 132
296 2963 279
299 107 279
298 80 261
226 17 213
625 372 618
67 631 146
628 304 217
443 184 303
150 147 184
414 444 443
443 413 442
38 445 159
450 511 680
169 232 475
496 490 489
416 412 216
429 640 684
170 162 186
170 186 495
721 491 494
906 905 878
931 468 552
1210 1062 1065
534 501 321
470 320 462
462 568 547
1070 755 593
520 198 393
392 347 346
204 209 202
204 208 104
546 513 189
545 397 471
207 15 199
199 336 94
607 268 335
335 265 264
338 214 94
333 338 332
331 346 342
363 606 357
334 342 335
367 353 352
252 2972 2971
368 2966 373
338 336 347
347 356 607
357 598 386
594 613 385
336 514 325
325 343 342
943 529 177
591 452 587
2966 364 381
353 253 265
265 268 339
339 375 351
268 364 362
362 2965 367
388 343 538
344 337 365
606 364 607
1069 762 594
538 394 397
388 397 365
354 2966 355
386 381 337
350 354 358
366 357 361
365 545 376
355 383 339
341 374 2965
383 2965 382
586 599 598
247 510 231
212 301 37
341 389 600
601 777 368
2968 353 215
598 366 395
616 266 2968
791 784 832
384 215 776
599 453 386
389 350 363
369 777 776
215 367 369
379 788 616
601 600 345
363 344 380
396 395 198
606 356 361
373 381 453
526 249 392
559 460 396
325 390 538
324 471 458
360 249 230
269 376 387
391 387 529
361 360 329
741 916 734
609 212 143
212 963 404
17 1085 261
256 967 676
404 227 143
403 400 260
406 275 409
410 272 405
408 66 65
407 1766 275
405 1764 1448
1448 848 406
636 424 419
422 432 312
307 444 441
306 628 630
239 185 182
312 421 419
633 184 418
417 442 632
422 416 411
1770 666 1128
632 636 416
419 431 412
636 425 637
657 411 427
442 635 423
637 634 433
637 654 424
660 653 657
431 313 432
487 484 685
422 652 429
429 683 412
848 648 426
95 685 684
677 283 10
1840 1839 1268
1879 1126 1978
1567 1568 1777
1112 1093 989
1266 673 129
273 635 413
307 425 418
307 304 306
306 271 413
5 308 21
745 5 173
744 461 542
532 154 743
909 736 461
309 159 572
549 555 751
599 583 349
380 584 389
1022 1021 732
457 473 917
521 463 501
910 909 455
564 393 751
551 466 553
269 391 749
449 447 149
321 553 322
244 553 456
730 526 514
942 941 561
572 568 459
752 749 1058
318 563 503
548 557 543
548 321 547
230 393 329
537 189 549
245 507 455
509 678 681
176 310 175
496 240 175
481 487 482
482 480 232
692 697 686
486 490 478
232 483 477
477 493 478
481 682 237
684 430 237
645 695 856
236 489 480
430 645 477
870 880 711
486 492 311
311 175 480
1016 316 1017
489 1015 1014
236 482 856
691 316 856
315 240 499
241 476 311
881 889 899
691 1835 869
241 726 495
905 727 233
523 456 320
193 513 248
468 525 534
187 505 196
504 243 180
245 180 550
920 473 522
746 531 573
474 511 251
371 251 244
509 309 551
546 526 248
525 328 502
2971 464 346
744 743 181
2972 247 518
-1 603 949
516 231 536
906 242 191
529 324 564
456 193 231
507 550 732
501 525 193
911 921 918
503 513 523
512 390 464
540 565 564
1493 1492 -1
520 348 396
774 800 1513
566 568 508
448 746 745
748 1060 934
543 503 320
205 196 909
730 518 248
546 472 249
392 360 356
925 556 558
527 751 750
558 547 566
737 740 447
534 469 552
744 738 569
198 366 329
328 537 512
541 470 322
470 556 469
472 451 230
506 728 522
244 511 459
543 1051 318
459 462 463
1043 566 738
246 750 451
539 574 548
469 560 1051
541 1043 539
391 943 1058
574 1047 557
563 931 465
943 944 945
561 246 468
458 527 520
527 748 177
541 531 554
1043 926 1044
531 322 466
544 746 743
739 571 926
927 570 1200
573 466 450
572 745 508
560 556 1164
1166 1159 1201
594 591 595
1165 1164 925
753 589 269
583 947 587
582 948 1068
595 587 596
-1 580 1067
586 579 452
453 591 600
1073 1413 1516
589 583 370
579 581 349
1067 1068 753
586 578 602
1215 1302 596
576 584 349
1070 947 602
596 947 323
345 576 359
576 581 597
581 593 590
1071 595 1302
344 376 370
452 380 370
373 584 385
768 374 385
592 589 1068
517 1216 755
1415 957 950
786 767 781
388 337 358
332 343 358
2967 266 609
399 608 618
612 2969 266
617 2970 2969
610 616 623
622 345 762
815 627 620
1076 7 965
384 612 377
954 624 611
609 2969 301
625 627 37
614 2970 624
855 854 1080
613 763 768
955 954 612
617 826 620
301 2970 619
838 833 811
614 812 619
414 303 146
77 228 631
631 2 414
630 302 629
418 421 229
229 239 417
635 272 426
634 425 441
411 421 423
423 426 427
109 670 666
658 649 853
313 650 641
95 640 647
646 643 650
1125 647 642
701 697 696
694 485 487
655 220 642
643 700 641
135 1372 433
655 663 639
640 656 642
1683 997 1364
431 657 656
656 428 655
1372 660 427
653 649 646
653 650 652
652 424 428
220 639 665
1253 1454 1459
654 663 428
849 1473 665
848 667 135
649 660 119
1345 1254 1585
1380 658 661
420 117 638
662 115 287
858 1469 1475
1371 135 287
999 638 1381
688 1396 709
1243 1364 1467
1357 440 1370
991 1112 985
1576 2335 2332
295 402 959
280 1685 435
105 474 104
22 250 105
681 250 309
680 474 105
483 169 42
42 432 237
484 313 434
686 430 434
685 479 694
694 860 695
696 700 671
861 113 706
717 861 699
498 494 862
95 696 479
861 860 705
645 686 687
857 485 687
692 688 644
644 705 479
1893 1983 2135
863 690 715
647 1398 688
709 708 644
708 704 1486
1010 1399 1398
702 709 1397
693 697 113
689 1589 1590
1839 1597 1375
701 702 1481
671 704 701
1474 1267 1386
1014 488 879
1393 1261 1399
134 1477 1745
1347 1564 867
699 1590 1394
719 871 1394
857 860 690
1375 1130 1468
1462 865 716
1835 871 1696
869 1133 316
732 728 888
724 152 726
723 905 191
885 895 2974
723 499 727
879 500 726
550 731 722
206 247 252
2972 536 464
906 887 728
522 722 454
1039 1148 1151
736 398 737
1031 1023 892
734 449 910
734 739 542
554 544 740
928 570 737
542 926 738
398 912 918
1155 1065 1276
569 448 515
544 515 447
573 446 532
532 569 508
1277 1047 1158
939 533 565
753 460 467
555 941 540
540 458 451
467 1061 1067
588 578 749
762 770 763
1215 323 603
797 1225 791
788 761 789
1414 1072 956
770 800 952
955 779 787
757 776 765
613 359 754
754 764 622
772 763 766
769 761 777
953 780 764
605 773 780
769 601 622
772 765 768
759 953 754
789 772 773
771 769 764
778 771 767
530 782 790
794 781 780
761 379 382
382 374 765
773 829 779
778 760 789
775 767 766
605 775 791
1226 796 774
2089 796 2304
378 1225 1224
1437 1559 1233
605 832 829
837 954 760
955 384 757
779 757 771
774 794 952
781 756 378
847 977 14
1222 825 1223
790 797 775
1113 994 1090
797 782 783
756 794 796
1514 1509 1929
1977 1116 2261
956 530 759
1304 1417 2089
1513 1515 1519
1439 1329 1446
1119 1335 2111
977 819 814
1098 840 988
1307 1306 1321
1321 838 1309
818 836 1308
822 1238 1427
968 626 832
964 627 817
854 1075 1074
805 824 818
614 824 817
969 1225 2089
812 815 960
820 814 809
960 805 975
831 818 835
290 964 965
1105 1334 810
1100 1098 14
815 828 814
1110 1090 793
828 624 837
837 829 833
826 836 824
786 827 778
1322 1328 1323
977 820 970
378 811 786
836 827 626
1228 1224 969
1306 1236 820
833 809 828
826 787 827
808 1308 626
1115 1099 971
806 1229 846
1105 1230 1332
970 1311 1100
1094 844 1324
1328 843 1621
1087 960 981
1334 1108 840
975 792 1114
433 410 662
661 853 8
1791 1897 1980
1349 1687 1681
289 1004 114
849 639 1558
291 813 621
621 1123 998
493 485 494
695 717 862
1255 668 1745
8 1558 1127
717 687 693
693 689 690
857 863 691
871 862 699
1826 1695 869
1696 719 1264
895 233 879
1254 714 1572
-1 1694 1831
498 864 721
1015 1017 488
863 716 720
1267 1699 1845
1844 1846 -1
1832 1693 1830
1846 1699 -1
2193 1843 1923
233 898 883
883 887 317
866 727 711
488 1131 1035
1038 904 497
903 1490 1024
878 877 884
886 192 883
899 898 725
1024 884 896
888 731 878
887 192 722
497 903 896
1154 -1 1064
1172 1145 921
1021 1494 735
1022 192 1024
1495 1494 1022
866 1035 725
898 889 886
2978 1036 -1
896 877 885
885 2973 497
1491 1490 1270
1406 1401 1198
1492 904 -1
1270 882 889
902 1270 881
724 500 317
317 731 519
1033 1025 1026
1146 1141 1138
449 535 457
457 912 736
912 917 524
911 741 910
1160 1162 1278
1041 1028 924
1170 1145 1143
924 928 398
455 1020 911
524 1041 741
1021 1023 920
1020 507 919
524 923 891
1273 1030 1156
921 1020 1025
914 1138 916
539 1044 577
567 740 570
1165 1044 571
739 916 1202
1277 1167 1066
1053 1052 1065
318 1054 561
942 1054 1053
939 1056 1060
533 1213 1212
937 1209 1208
938 944 1212
935 2981 1057
936 1213 -1
748 941 933
2981 2980 1213
939 750 465
932 1056 465
559 348 562
-1 562 936
562 -1 946
945 1061 1058
593 579 592
-1 949 580
948 517 1070
1217 -1 604
1302 1303 1416
953 759 790
770 952 766
787 617 623
623 788 760
758 800 1069
1416 604 1301
1087 965 964
676 7 1074
817 819 845
1219 979 1218
967 1 963
400 288 962
821 812 958
821 958 615
967 288 7
402 962 966
1309 811 1224
1417 834 816
842 14 831
839 988 1222
1335 1426 1446
1122 1778 1111
982 980 992
980 819 847
1616 1094 1109
792 805 831
982 987 983
1089 1088 961
975 974 983
983 1086 845
974 985 978
978 981 980
990 1091 985
984 674 982
1077 1219 1218
1104 1088 978
1108 971 806
1104 439 1008
984 1115 1222
1091 1009 674
974 1114 1115
1679 1863 1738
1220 1223 795
1779 2118 2004
1776 1003 1002
1684 1337 651
855 223 291
670 3005 3004
1077 1097 1001
1006 1123 1000
127 1005 996
1777 1250 996
1129 852 223
223 1006 1002
1005 1001 1778
1221 1220 1095
1103 1218 989
1221 991 1220
703 1125 1011
1455 1010 128
1775 1899 1581
1779 1783 1782
711 241 492
492 1016 870
1015 236 491
491 1133 870
1131 1828 1132
2976 1828 1694
923 917 920
454 892 919
454 893 894
735 1025 919
886 882 893
907 923 1023
1190 907 1031
1184 1179 1188
1170 1146 914
1178 1173 1143
-1 1274 922
735 1197 1026
1149 1049 1040
907 1176 1172
1192 1184 1182
895 880 1132
2977 897 2979
2979 2973 2974
2978 -1 881
1040 1141 733
1142 1039 1032
914 918 1145
1203 1202 1138
558 554 567
567 927 925
1200 1139 1201
1142 1157 1167
560 747 1276
1276 1052 1051
1032 1150 1157
1297 -1 1299
552 557 1048
930 1054 1048
930 1055 932
932 931 1052
1053 1062 1057
1057 933 942
1055 937 1056
467 559 946
1064 1204 1207
533 933 2981
946 -1 752
1209 1055 319
1210 1155 1204
1059 890 1297
319 930 742
929 1206 1204
588 752 582
580 602 588
359 1520 956
323 592 949
1520 597 1521
1516 1513 758
1521 585 1414
1082 813 959
1078 295 813
1089 1082 615
986 1000 1124
1075 293 284
284 73 295
1081 1124 621
1082 1219 1080
1081 1074 1076
1086 1089 1087
1 256 261
401 260 1
981 1088 1083
1083 958 845
1086 987 979
979 1076 1083
1094 795 825
991 984 1223
1113 1324 1096
1116 1106 439
976 843 1090
2113 1007 1113
2117 1092 1426
1111 1000 1103
806 1099 823
1098 839 1114
842 1229 823
1109 1235 1545
1237 1313 1311
1106 1097 1008
1112 989 987
1333 841 822
1103 1093 1118
1439 1330 1643
846 1234 988
1110 1101 976
825 1234 1109
973 1097 1121
1104 674 439
1092 1095 795
992 847 1099
839 990 992
1093 1221 799
2120 1121 2121
1977 1121 1106
2115 2116 804
2109 1970 1780
1111 1118 1117
1779 973 2120
1124 1001 855
1080 1077 1123
1010 643 1263
1255 1383 437
1346 859 1444
3004 1771 420
129 1004 127
134 718 1134
880 1265 1018
1018 2975 1035
721 1265 1017
1130 1597 1706
1496 1406 1499
1491 1198 1196
1175 1161 1148
908 1042 924
1166 1045 1203
1210 1297 1211
1203 908 1039
1040 1046 1166
1172 1029 915
1275 1150 1149
1041 891 915
908 1028 1160
1193 1272 1408
1137 733 1160
1032 1151 1144
1144 1295 1049
1149 733 1161
1161 1174 1156
1295 1275 1274
1296 890 1207
742 1277 1063
1152 922 1275
1206 1046 1049
747 1164 1159
1158 575 1167
1146 913 1148
1137 1152 1151
913 1170 1173
1169 1183 1278
1158 574 577
927 1201 577
1139 1142 575
1159 1046 929
1179 1192 1177
1163 1177 1171
915 1162 1028
1195 1169 1192
1033 1143 891
1029 1177 1162
1193 1281 1152
1193 1137 1278
1178 1033 1402
1169 1173 1168
1179 1029 1176
1178 1027 1168
1189 1187 1503
1284 1195 2984
1189 1287 1034
1272 1163 1195
1187 1034 1027
1189 1410 1194
-1 1506 1502
1601 1180 1184
1199 1294 1027
1182 1180 1185
1026 1403 1402
1199 1403 1498
1168 1034 1171
1174 1175 1147
1290 1282 1185
1171 1181 1183
1401 1495 1136
1496 1031 1497
1136 1493 901
1191 1188 1402
571 1202 1045
1045 575 1165
1200 928 1042
1042 1141 1139
1063 1066 1059
1206 1295 1207
1066 1157 1205
1154 1059 1205
2980 935 1298
935 1062 1211
319 1063 1140
1140 1299 1209
936 177 934
934 940 938
1415 1509 1301
755 1303 590
1217 603 -1
1216 950 1303
961 1008 986
961 986 1081
1009 994 1007
1009 1007 1116
990 971 793
793 994 1091
834 968 784
784 756 816
782 1519 1712
1638 1551 1547
1320 834 1418
1319 840 1100
1546 1545 841
1644 1328 1617
1326 1439 1641
1331 785 1968
1235 1110 1108
1234 1332 1101
835 1307 1311
1102 1307 1314
810 1319 1608
1619 1642 1436
281 8 1379
1244 1379 1905
1681 1562 1382
1688 1680 672
1479 1241 1794
1795 1790 1483
1686 1348 1370
1362 1564 1256
1343 1689 1564
1744 1751 1750
1266 1003 1484
1340 1348 1682
1383 1871 1873
659 1259 1387
664 1366 867
1126 858 1750
1247 3005 1353
2123 2415 2596
1260 1393 1454
1253 137 1870
1488 1397 1258
1396 712 1397
1773 115 1765
1125 220 1380
1697 1837 865
1695 1131 1133
1250 440 127
1702 872 710
1476 436 1838
1829 1831 1828
900 903 904
-1 1405 1501
1183 1284 1147
1281 -1 922
1296 1153 1030
1153 1144 1156
1048 1047 742
747 929 1155
913 1163 1175
1408 1280 -1
2982 1279 1284
1273 1174 1285
1283 1287 1194
1286 1282 2986
1181 1280 1272
1408 -1 1281
2983 1283 -1
1282 2984 1182
1291 -1 1504
1506 2987 1407
2987 2986 1194
1288 1294 1405
-1 2985 1404
2986 2985 -1
1601 1188 1291
1150 1153 1205
1154 1274 -1
1140 1064 1050
1299 -1 1208
1211 1050 1298
1515 1516 1517
957 1214 1413
597 590 951
951 1215 1217
2240 801 3013
1418 1317 1423
835 1308 807
807 1237 1236
1306 809 838
1432 808 968
1423 1420 1314
1102 842 1236
1420 1424 1612
1319 1102 1315
1237 1316 1310
1425 1313 1420
1431 1320 1314
1419 1305 2217
1617 1621 1620
1313 1238 1229
1228 1316 1432
808 1431 807
1330 1324 830
830 1644 1643
1322 1092 843
1543 1620 1616
1557 1232 1561
1656 1720 1434
844 1231 830
1437 803 1557
1107 1426 1322
1233 1970 2114
1235 1334 841
1443 1532 1105
1332 846 822
972 804 2117
2999 2990 1485
1370 1467 997
1388 2248 1586
1907 1906 1772
1688 1251 1687
1355 1784 1788
1581 2000 1903
1248 1680 1376
1808 1584 1809
1577 664 1769
1379 1127 1763
1366 3005 714
1467 1246 1251
1382 1378 851
1686 1449 1682
1793 1787 1800
1453 2336 1562
1390 1256 1381
1451 1376 1384
1341 1746 1359
1478 2993 122
673 1684 1685
1584 1913 1912
128 1365 1355
1372 1756 119
1387 1594 1595
1247 1435 1680
1568 1464 1449
651 672 1435
1359 1749 1569
1347 1254 1577
2997 3001 3003
1822 1816 1806
1570 1384 1583
1246 1337 673
1756 669 1760
654 648 1360
1594 1489 1593
1455 1746 1463
1838 707 718
1592 1343 1354
1596 1744 1477
1349 1586 1574
1240 1346 1241
665 1748 1263
1353 670 139
1388 1349 1242
1126 1751 1252
1688 1369 1354
1742 1933 1972
1470 1472 710
1253 1744 1361
1338 1382 2336
138 2359 1480
1435 1353 1683
1469 1805 286
2606 2717 2608
1463 1258 712
716 715 1470
1486 1488 1703
671 1398 1261
1261 1260 704
1396 700 703
703 1455 712
-1 1500 1493
901 1497 1196
1199 1176 1190
1191 1190 1496
1506 -1 1292
1271 1291 1498
1500 1135 901
1507 1289 1410
1147 1279 1285
-1 1501 1500
1185 1503 1407
1504 -1 1502
-1 1922 1509
1301 1514 585
758 1520 1073
-1 1214 604
1521 951 957
801 2034 969
2034 1305 1228
1317 1421 1424
1312 1315 1310
1419 1713 1614
1739 1737 1742
1424 1310 1305
1423 1419 1312
1315 1610 1608
1096 1330 972
1428 1443 810
1427 1429 1637
1608 1611 1428
1735 1560 1647
1432 1316 1321
1431 1309 1320
1533 1443 1547
1850 1327 1851
1362 1390 1364
1641 1239 1655
785 1441 1329
1546 1541 1543
1107 1232 803
1646 1662 1655
1437 2114 2111
1651 1662 1663
1427 1433 1333
1580 1127 1756
1660 1656 1652
2111 972 803
1937 1975 1965
115 410 409
1562 1350 1363
1907 1774 1761
1571 1354 1570
1908 1933 1949
1464 2339 1352
1595 1258 659
1374 1399 1011
1813 1797 1817
1587 1565 2527
286 1468 1475
1747 659 1463
2992 3000 -1
1462 1470 1845
719 1461 1471
1374 1459 1393
2007 1453 1363
2023 1842 1840
2275 2356 1881
1348 672 1337
718 1458 2993
1391 668 1879
1461 1394 1386
1462 1847 1697
1590 1487 1386
661 281 1749
1704 710 1701
134 668 1458
2994 2992 1268
1706 1377 713
2994 1356 1480
1784 1569 1244
1478 1389 2990
113 708 1589
1486 1701 1487
1245 1803 1884
1250 1568 1686
1336 2359 2998
702 1395 1482
1482 1472 1589
1260 1593 1395
1598 1703 1373
1495 882 900
900 1492 1136
1491 902 528
528 1400 1198
1497 892 894
894 1490 1196
1135 1403 1197
1494 1401 1197
1499 1405 1191
1498 1135 1501
1406 1400 1409
1409 1271 1499
1411 1186 1507
1505 1410 1180
1602 1288 1411
1503 1602 1507
1289 1186 1404
1505 1502 1407
1929 1711 1604
1412 798 1214
1732 1640 3037
2207 2028 2227
1519 1709 2210
1072 802 530
1517 1413 798
802 1300 1603
1300 1072 585
1514 1604 1300
1926 1922 -1
1512 1226 802
1414 1069 1071
1073 1071 1416
2195 2197 2211
1717 1715 2315
1611 1610 2995
1528 1536 1552
1538 1546 1532
1645 1555 1629
1551 1554 1525
1633 1531 1530
1630 1529 1544
1537 1535 1529
1535 1526 1333
1542 1535 1433
1637 1609 2996
1533 1531 1532
1525 1728 1857
1531 1626 1538
1541 1526 1537
1620 1541 1624
-1 1632 1549
1538 1539 1438
1533 1551 1544
1325 1545 1438
1542 1552 1530
1543 1101 1230
1230 1526 1438
1433 1637 1227
1857 3036 -1
1540 1633 1630
1626 1633 1725
1542 1227 1528
1727 1544 1525
2996 2995 1716
1528 1639 1718
1527 1617 1618
1652 1850 -1
1329 1326 1731
853 119 859
785 1731 1736
1430 1736 1731
1326 1651 1647
1352 1242 1449
1743 1777 1782
1247 1248 714
1574 2528 1457
1591 1578 1759
438 2150 2007
1484 438 1363
1365 281 1479
1369 1587 1451
1823 1807 1451
867 1809 1579
1582 1575 2010
1565 1583 1378
1823 1691 1573
675 2101 2006
1345 3004 1366
1566 1912 1811
1912 1591 1572
1902 1444 1760
1342 1902 1012
1822 1573 2009
1687 1574 1369
1344 1797 1358
1774 664 1591
1338 2352 1378
1457 1823 1570
1773 1771 1769
706 1481 1487
1472 715 706
1585 1579 1566
1807 1806 1376
1373 1488 1595
1373 1361 1596
1593 1454 1361
1377 1707 1594
707 1841 1134
1698 1489 1710
1703 1708 1701
2191 1843 2026
1602 1187 1294
1601 1504 1505
1849 1515 1604
1517 1508 1603
2203 2250 2210
2033 2204 2197
1729 1714 1715
1238 1425 1429
2995 1534 1611
1425 1612 1524
1524 1609 1429
1613 1610 1312
1716 1612 1614
1421 1714 1613
2320 3008 2105
976 1325 1621
1318 1555 1231
1555 1624 1623
1239 1644 1645
1325 1539 1318
1318 844 1616
1724 1853 1851
1618 1855 1854
1539 1636 1618
1719 1854 1635
1537 1550 1636
1629 1722 1724
-1 1630 1726
1854 1627 1527
1549 1530 1628
1719 1632 -1
1725 1540 1631
1549 1550 1529
1719 -1 1722
1625 1855 1725
1855 1624 1626
1428 1534 1547
1227 2996 1639
1638 1640 1554
1729 1510 1639
1232 1643 1436
1721 1646 1239
1641 1107 1323
1323 1231 1619
1721 1619 1527
1440 1642 1720
1658 1430 1561
1653 1667 1664
1671 1659 1674
1936 1935 1864
1442 1561 1655
1445 1556 1659
1648 1666 1658
1861 1860 1736
1651 1436 1440
1327 1445 1662
1674 1675 1673
1663 1653 1647
1652 -1 1649
1671 1661 1445
1667 1663 1660
1440 1656 1442
1658 1442 1661
1668 1648 1670
1942 1679 1676
1735 1653 1738
1661 1669 1648
1738 1664 1866
1673 1667 1671
1673 1966 1664
1669 1660 1649
1966 1675 3010
1670 1669 1657
-1 1657 1649
1657 -1 1672
1866 1969 1665
2641 2189 2188
1967 1866 1966
1862 993 1665
1343 1362 1243
1682 1242 851
1681 1251 1350
1390 136 651
997 283 1357
1357 677 114
1350 1246 1484
851 1583 1340
1340 1384 1243
1808 1809 1248
2014 2245 2306
1825 1575 2527
1993 1990 1904
1831 874 -1
1019 868 2977
1829 1265 864
720 865 1833
1264 1471 1844
1598 2191 2190
2253 875 872
1841 1842 2191
1482 1599 1474
1705 1267 1704
1489 1599 1395
1474 1708 1702
1702 2036 2025
1477 1134 1707
1706 1710 1596
1599 2190 1704
1849 2211 1512
1707 1841 1598
1924 1508 2031
2210 2304 1226
1421 2314 2226
2226 1607 1614
1607 1858 1523
1553 1613 1729
1523 2538 3037
1728 1554 1732
1631 1634 1625
1327 1646 1851
1724 1642 1645
1627 1634 1852
1853 -1 1850
1627 1622 1721
1635 1550 1632
1727 -1 1628
1552 1857 1726
1718 1856 1536
1716 1607 1640
2242 2389 2507
1559 1557 1560
1510 3039 1718
2237 3039 3037
2322 2076 2235
1666 1861 1430
1559 1560 1654
1935 1422 1932
1666 1668 993
1422 1861 1863
-1 2259 2540
3006 1867 1934
1385 1860 1422
2150 1563 1783
1377 1387 1249
1750 858 713
1374 1355 1752
137 1459 1752
1749 128 1380
1473 1365 1748
1255 1745 1249
1249 1870 1383
1746 1785 1747
1788 1786 1789
137 1785 1787
1871 1870 1787
1444 1360 1371
1775 1760 1758
1906 1757 287
1898 1761 1566
1580 1371 1757
1450 1759 1899
1811 123 1821
1796 1346 1902
409 1766 1765
218 1262 1764
1764 408 274
274 74 124
1771 218 1770
1345 1772 1588
1768 121 420
1768 1128 1588
1769 1774 1339
1588 1906 1262
1772 1585 1450
1907 1012 1757
996 1778 1782
1003 1563 438
1006 973 1776
995 1013 1122
1964 2108 1120
2003 2002 2101
1563 1776 1013
1013 2002 1743
1479 1786 1341
1801 1754 1752
1784 1802 1753
1755 1754 1351
1801 1341 1753
1753 1795 1799
1245 1802 1911
850 1792 1883
1793 1874 1791
1872 1351 1792
1244 1910 1802
1245 1798 1789
1903 1905 1763
1456 1584 1810
1890 1880 1795
1800 1789 1880
1801 1799 1351
1800 1785 1788
1786 1794 1790
1911 2127 1483
1813 2163 1986
2270 1391 2267
1368 1808 1592
1592 1571 1822
1689 1806 1344
1689 1344 1572
1797 1816 2008
1762 1578 1913
1915 2008 1818
1456 1804 1913
1815 2157 2163
1817 1915 1814
1368 2009 1810
1456 2008 1815
2019 1812 2011
1875 1888 2278
1901 1990 2127
1987 1898 1762
1368 1807 1582
1571 1587 1575
2296 2294 2171
2014 2020 1691
864 1835 1834
1830 1829 1834
1269 1019 1018
1827 1269 1695
1920 874 1827
1269 1693 868
-1 874 1921
1920 1696 1921
1920 1827 1826
1826 498 720
1837 1844 -1
1836 1921 1264
2993 1268 1375
436 1842 707
1465 436 2988
1710 1597 1700
1839 1465 1700
876 2057 1600
1836 1697 873
872 1847 1461
1847 875 873
1846 1471 1845
2194 2032 2073
1709 1603 1924
1723 1556 1434
1434 1720 1622
1853 1722 -1
1723 1622 1852
1625 1629 1623
1623 1636 1635
3039 3036 1728
1536 1548 1727
2221 1715 2229
3024 3017 3029
1742 1973 1654
1654 1735 1739
1679 1865 1932
1932 1739 993
1934 1650 1865
1864 1862 3006
1668 1678 1676
3009 1952 1741
1968 1974 1970
2101 2108 2102
1751 1259 1755
1755 1872 1252
1793 1980 1871
1882 1978 1252
1792 1880 1875
1819 1883 1874
2130 2126 2131
2284 2179 2363
1997 2275 2405
437 2281 1469
1798 1874 1799
2133 2132 1466
2282 1873 1980
2125 1791 1875
1890 1483 2129
1888 2129 2356
2130 1891 2127
2563 2597 2602
1819 1890 1885
2065 2565 2138
1888 1798 1884
2131 2129 1886
2663 2661 2141
2606 2270 698
2420 2139 2430
2284 2661 2140
2598 2412 2596
850 2268 2282
1759 1821 2000
2000 1012 1761
1916 1991 1986
2147 1820 1994
1763 1580 1581
2001 1796 1342
2147 2146 1692
1796 2144 1241
1758 1773 1339
1339 1450 1775
1962 1965 1452
2151 2150 2003
1794 2144 1994
1994 1803 1790
1578 1579 1358
1358 1813 1811
2010 2012 2011
1815 1812 2153
1900 1988 1993
1993 2148 2126
2174 2243 2552
2012 2021 2164
1830 1834 1833
1833 1837 1832
1929 1412 1518
876 2023 -1
1711 2195 1849
1926 -1 2030
1925 2031 1518
1928 2031 2030
2195 1927 2033
798 1922 1508
2228 2214 2313
2221 2309 2537
1862 1737 1863
1935 1452 1385
1941 1864 1741
1737 1650 1933
1949 1650 1950
1447 2102 1964
1946 2061 1941
2097 2543 2541
1951 1950 1953
1934 1938 1950
3006 1665 1944
2258 2107 2106
3007 3009 1942
2076 2060 1946
1952 1945 1938
2302 2213 2071
1954 1960 2041
1452 1936 1951
1936 1941 1940
1954 1949 1940
1946 1867 2066
1940 2058 1960
1951 1948 1962
2091 1963 1965
2052 2016 2045
2256 2151 2093
1961 2091 1962
2103 2091 2090
1953 2040 1948
2053 2094 1958
1908 1954 1958
2102 1955 2103
1780 1974 1937
1955 1447 1908
1672 1678 1670
2106 1969 1678
1233 1973 1868
3007 1676 1967
1868 1120 1331
3011 3010 -1
1975 1973 1385
1972 1968 1860
1975 1964 1868
1974 1972 1447
2110 2263 2262
2121 1118 799
1979 437 1873
2277 2281 1978
1882 1872 850
2362 2125 2278
2122 2362 2405
2183 698 2267
2423 2266 2274
2426 2429 2427
1804 1900 123
2001 1821 1989
2163 2162 1916
123 1991 1987
1820 1692 2130
1900 2146 1989
2162 2283 2148
1916 1917 1692
1910 1901 1911
2145 2001 2146
2294 2013 2161
2278 2356 1878
2161 2154 2166
2149 2364 2148
1898 1342 1899
1903 1987 1995
1783 2004 1781
1781 2332 1909
2002 995 2119
2109 2108 2119
2095 1576 2103
1464 1567 2151
1812 1817 1810
1816 1582 2011
1573 2020 1914
1914 1818 2009
1914 1919 2152
1996 2155 2018
1825 1690 2186
2186 2021 2020
2040 1956 2041
2175 2168 2085
2154 2013 2160
2155 1818 2152
2010 1825 2015
2188 1919 2015
2023 2988 -1
2022 1923 1465
2027 -1 2253
1705 2251 2253
2190 1600 2036
2057 2024 2251
2206 2223 1511
3017 2309 2310
1925 2194 1927
1927 1711 1926
-1 2247 1848
1606 1928 2073
1417 2209 1418
2208 2192 2205
2251 1705 2026
2297 2392 2391
2122 2357 2280
2234 2370 2369
1960 2050 2016
2016 2053 1948
2050 2081 2043
2042 2301 2045
2555 2375 2367
2640 1956 2043
2063 2365 2555
2489 2792 2860
2739 2560 2740
2350 2337 2338
2040 2054 2042
2252 2084 2299
2053 1956 2096
2052 1961 2041
2055 2050 2058
2059 2367 2054
2371 2754 2381
1843 2193 2027
2054 1953 2061
2060 2063 2055
2061 1945 2059
2060 2058 1938
2063 2076 2745
2062 2046 2059
2077 2176 2213
2572 2290 1889
2235 1952 2317
2746 2745 2322
2241 2634 2627
2387 2298 2374
2462 2470 2458
2181 1947 2085
3025 3031 3033
2224 2033 1848
2559 2348 2298
2306 2547 2552
1945 1734 2062
2308 2098 2064
2485 2475 2469
2249 2228 2217
2368 2370 2081
2367 2080 2042
2303 2636 2442
2858 2476 2586
2300 2488 2051
2017 2071 2176
2857 2585 2299
2474 2383 2447
2471 2646 2645
783 801 816
2092 1959 2094
1959 1955 1958
2541 2095 2090
1957 2332 2099
1961 2097 2090
2092 2335 2006
2097 2052 2639
2096 1939 2094
2391 2291 2077
2100 2341 2093
2335 2255 2099
1576 1781 1869
1869 1937 1963
1963 1959 2006
2257 3011 -1
2258 2257 1615
1967 3010 1943
3008 3007 1943
1780 1869 2005
2110 1120 2005
2109 1976 2115
804 1446 1441
2264 2263 2118
2117 2116 1095
2115 1441 1331
2114 2110 1119
1119 2261 2113
2113 1096 1335
995 2120 2112
2263 2005 2004
2118 1122 1117
1977 2264 1117
1982 2289 2038
1257 2409 2414
2831 2401 2625
1883 1981 2567
1876 1917 2364
1886 1803 1820
2658 2790 2854
1891 1885 1884
1886 1990 1876
1876 2133 1891
1881 2136 2400
1881 2131 2394
2421 2149 2295
2598 698 2595
2132 2394 2427
2271 2143 2590
2789 2578 1889
1894 2427 2149
1895 2266 2167
1892 2363 2572
2568 2357 2409
2587 2573 2137
2145 1910 1905
2144 1995 2147
1995 1991 1904
1904 1901 2145
1999 1917 1992
2139 1999 2134
1567 1743 1909
1909 1957 2007
2012 2160 2019
2155 2156 1915
2158 1998 2018
2019 2013 2153
2153 2294 2293
2293 2162 1814
2154 2165 2169
2407 2406 2430
2152 2164 2018
1998 2286 1996
2157 1992 1988
1988 1804 1814
2160 1919 2189
2175 2158 2172
2177 1998 2285
2140 2265 2425
2523 2017 2180
2173 2285 2158
2431 2171 2286
2295 1824 2170
2189 2180 2165
2175 2291 2169
2307 2641 1918
2165 2017 2173
2064 2291 2085
2424 2166 2425
2466 2456 2480
2287 2392 1877
2172 2641 2168
2238 2071 2523
2632 2481 2631
2272 1983 2277
2303 2302 2443
2300 2305 2461
2014 2243 2015
2524 2551 2520
2021 2243 1677
1677 2172 2164
2026 1708 1698
1698 1700 1600
2199 2198 2035
-1 2057 876
-1 1848 2030
1522 1924 1928
2249 2218 2215
1522 1606 2199
2192 2204 2254
2202 2197 2192
2225 3054 3047
2536 2535 2532
2219 3012 2199
3012 1605 2211
1606 2529 2198
2254 2206 2035
2222 2028 2205
2214 2208 1511
2035 2207 2219
2217 2034 2240
1605 1712 1512
2203 1709 1522
3030 3027 2244
2064 1947 2305
2207 1930 2215
2214 2196 2219
2229 2314 2313
1317 2209 2079
3013 3012 2196
2215 2202 2208
2231 2223 2310
1858 2230 1931
2531 2244 2206
3027 2220 2028
2533 2529 2073
3045 3049 2200
1713 2229 1714
1511 2231 2230
2079 1930 2314
2216 1858 2226
2221 2313 2227
2227 2220 2309
2318 2327 2325
3021 2538 2315
2348 2039 2374
2066 2318 1734
3027 2311 3016
3040 1733 3038
2443 2181 2246
2328 2748 2747
2209 1304 2249
2378 2395 2068
2561 2453 1730
2188 2186 1918
2534 2212 2222
2527 2528 1690
2238 2520 2645
2032 2536 2533
2353 1338 2350
2079 2240 2196
1605 3013 2304
2025 2036 2027
2051 2393 2297
2024 1699 2025
2205 2198 2530
2541 2544 2100
2337 2339 1957
2104 2334 2105
2105 1943 3011
2330 2539 1740
2320 2318 2317
2262 799 2116
1976 2264 2261
1976 2119 2112
2112 2121 2262
2422 2167 2423
2587 1984 2140
1805 2281 1983
1897 2567 2413
2607 2804 2718
1805 1893 2360
2137 2402 2274
2595 2183 2413
2433 2432 2402
2403 1984 2271
3057 1878 1466
2608 2814 2360
2183 1979 2282
1997 1981 1819
2568 2567 2280
2038 2279 2362
2267 1879 1979
1897 2277 1882
2296 2295 1992
2361 1877 1895
2169 2288 2166
2161 2424 2170
2361 2288 2179
2287 2285 2391
2122 2617 2612
2363 2393 2065
2176 2098 2173
2426 2420 2432
2296 2157 2156
1824 2156 1996
2171 2134 2283
1824 2283 2293
2252 2037 2308
2069 2388 2074
2565 2051 2086
2084 2308 2185
2370 2741 2043
2184 2442 1947
2378 2082 2184
2250 783 1712
2442 2185 2213
2548 2075 1690
2524 2642 2174
2077 2300 2297
2029 1931 2231
3016 2029 2220
2236 3030 3034
3045 3047 3050
1930 2230 2216
2216 1713 2228
2233 1523 2537
3038 3021 3014
2066 2319 2260
2232 2235 2260
3009 3008 2317
1615 2331 2260
2755 2330 -1
2325 2067 1734
2930 2932 2939
2835 2654 2759
2322 2232 2747
2755 -1 2841
2232 2539 2328
2239 2327 2330
2779 2778 2835
2321 2328 2259
2320 2540 2539
2093 2003 675
2345 2650 2649
-1 2540 2257
675 2095 2100
1352 2340 1388
2049 2256 2341
2049 2342 2346
2340 1453 2256
2339 2350 2336
2337 2099 2542
2343 2338 2542
2342 2545 2345
2514 2548 2549
2546 2333 2343
2349 2338 2649
2735 2373 2505
2234 2074 2521
2549 2353 2346
2248 2340 2049
2514 2490 2522
2528 1586 2354
2354 2248 2349
2353 2548 2352
2578 2575 2572
1997 1885 1466
2414 2142 2038
2852 2910 2855
2814 1485 1389
2276 138 2270
2287 2284 2425
1981 1982 2280
2290 2141 1877
2394 2126 1999
2046 2743 2653
2379 2369 2554
2081 2055 2044
2375 2369 2080
2366 2039 2368
2039 2301 2080
2056 2554 2656
2376 2374 2379
2736 2560 2347
2234 2372 2069
2655 2368 2044
2387 2372 2377
2557 2382 2376
2448 2241 2303
2366 2557 2372
2494 2387 2495
2557 2056 2558
2558 2496 2377
2087 2502 2940
2451 2468 3041
2780 2839 2776
3080 2456 2498
2069 2376 2380
2494 2492 2298
2506 1730 2460
2509 2562 2561
2288 2098 2037
2037 2393 2179
2290 2392 2252
2133 2364 2136
2241 2459 2467
2462 2466 2500
2612 2419 2410
2407 2431 2422
2689 2799 2722
2429 3057 2132
2618 2434 2124
2271 2582 2273
2406 2274 2432
2571 2583 2588
1982 1878 2617
2420 2159 2403
2159 2398 2423
2611 2414 2612
2123 2412 2142
2397 2666 2611
2708 2707 2686
1896 2595 2409
2268 2568 2272
2123 2357 2408
2611 2795 1257
2599 2666 2671
2805 2701 2613
3058 3057 2437
2610 2397 2435
2406 2292 1894
2134 2431 2430
2398 2424 2265
2407 2265 1984
2422 2286 2177
2177 2361 2167
2433 1985 2292
1985 2136 2139
2438 2436 2433
2436 2400 1985
2159 1894 2421
2398 2421 2170
2292 2403 2273
2426 2273 2428
2438 2401 2439
2615 2419 2620
2429 2428 2437
2436 2439 2418
2428 2592 2434
2619 2437 2434
2589 2582 2590
2896 2730 2829
2082 2305 2302
2238 2450 2184
2450 2526 3042
2448 3042 3041
2464 2477 2510
2087 2503 3080
2378 2450 2445
2452 2473 2465
2448 2443 2444
2384 3042 2506
2449 2493 2492
2242 2492 2472
2499 2511 2510
2643 2516 2506
2386 2484 2178
2479 2469 2484
2070 2463 2466
3041 2500 2395
2389 2472 2468
2635 2185 2636
2468 2070 2396
2458 2499 2498
2495 2446 2511
2449 2499 2470
2396 2458 2178
2395 2501 2628
2384 2460 2462
2078 2480 2457
2493 2465 2070
2088 2551 2522
2460 2453 2493
2449 2494 2511
2087 2498 2510
2078 2629 2628
2793 2083 2487
2502 2446 2952
2482 -1 3076
3077 2485 2457
2178 2469 2501
2836 2182 2897
3084 2478 3079
2759 2758 2751
2456 3078 2457
2479 2833 2078
2586 2732 2489
2630 2476 2633
2084 2858 2857
2585 2486 2047
2648 2351 2550
2738 2736 2546
2453 2388 2452
2452 2470 2472
2473 2388 2380
2496 2464 2380
2518 2495 2382
2769 2652 2950
2474 2386 2463
2454 2463 2465
2501 2459 2396
2500 2480 2467
2515 2383 2477
3081 2447 2940
2647 2735 2648
2517 2347 2509
2389 2451 2455
2516 2508 1730
2507 2519 2509
2390 2508 2505
2446 2474 2454
2454 2473 2464
2772 2947 2558
2961 2838 2928
2351 2547 2344
2502 2941 2956
2507 2455 2525
2519 2648 2505
2496 2953 2952
2525 2517 2508
2246 2642 2187
2742 2741 2348
2644 2471 2351
2168 2642 2181
2552 2187 2307
2519 2516 2644
2643 2444 2645
2245 1691 1457
2245 1565 2352
2530 2204 2224
2529 2531 2254
3023 2222 2530
3023 2533 2201
2224 2247 2532
3050 2244 3023
3045 2201 -1
-1 2201 2247
1931 3018 2315
3038 1717 2233
2259 2327 2331
1740 2331 2334
2092 1939 2255
2544 2342 2341
1939 2546 2545
2545 2542 2255
2343 2544 2543
2345 2543 2491
2514 2551 2075
2344 2306 2354
2550 2344 2349
2549 2647 2490
2471 2187 2547
2524 1918 2075
2743 2651 2744
2655 2371 2366
2556 2044 2046
2656 2655 2555
2377 2379 2381
2382 2381 2512
2742 2074 2561
2048 2562 2373
2559 2242 2390
2390 2560 2742
2606 2598 1887
2602 2601 2721
2299 2566 1889
2565 2660 2790
2268 2125 2279
2279 2142 2413
2888 2624 2826
2853 2577 2581
2575 2577 2404
2141 2065 2355
2143 2663 2588
-1 2856 2859
2355 2571 2663
2917 2593 2584
2578 2570 2571
2577 2355 2138
2917 2583 2725
2885 2797 2818
2570 2851 2850
2664 2402 2440
2404 2853 2579
2590 2588 2576
2489 2660 2086
2857 2083 2486
2266 2661 2143
2573 2404 2584
2593 2816 2440
2584 2440 2137
2915 2919 2916
2727 2438 2664
2576 2817 2589
2665 2664 2816
2135 2272 2412
1257 2597 1896
2601 1887 2596
1896 2563 2135
2795 2416 2796
2605 2815 2717
2597 2614 2564
2717 1887 2564
2871 2864 2870
2721 2684 2696
2719 2607 2600
2563 1392 1893
2720 2269 2605
2276 1392 2815
2823 2831 2626
2829 2668 2419
2410 2415 2408
2408 2289 2397
2811 2806 2417
2601 2795 2682
2618 2895 2435
2667 2730 2670
2405 2620 2289
2619 2401 2615
3058 2439 2618
2617 3058 2435
2820 2623 2824
2895 2831 2896
2728 2726 2621
2797 2823 2569
2124 2727 2820
2826 2609 2820
2068 2633 2636
2467 2475 2634
2475 2900 2630
2629 2487 2634
2794 2182 -1
2900 2897 2182
2635 2627 2487
2630 2068 2628
2633 2858 2461
2461 2082 2627
2764 2772 2753
2932 2752 2775
2737 2738 2096
2737 2045 2739
2180 1677 2174
2307 2520 2523
2455 2526 2646
2646 2522 2525
2526 2246 2088
2088 2644 2643
2550 2649 2504
2504 2517 2490
2647 2346 2333
2736 2735 2333
2759 2553 2746
2497 2752 2930
2365 2744 2750
2744 2324 2749
2554 2375 2556
2556 2750 2371
2856 -1 2850
2128 2856 2851
2862 2731 2791
2585 2860 2566
2587 1895 1892
2861 -1 2859
1892 2575 2573
2592 2582 2594
2594 2728 2727
2668 2416 2410
2671 2668 2616
2667 2666 2610
2680 2681 2707
2616 2677 2679
2416 2667 2673
3065 2693 2874
2671 2679 2676
2687 2869 2871
2686 2691 2705
2796 2673 2680
2865 2670 2893
2805 2803 2702
2673 2670 2800
2800 2669 2676
2691 2669 2687
2614 2796 2684
2694 2715 2710
2707 2604 2682
2800 2863 2687
2695 2411 2675
2681 2685 2674
2694 2691 2868
2695 2399 2708
2700 2698 2722
2688 2675 2681
2884 2864 2869
2672 2706 2802
2683 2705 2688
2686 2697 2689
2604 2708 2722
2695 2706 2703
2720 2719 2690
3060 2812 2704
2803 2690 2799
2914 2417 2812
3059 2678 2714
3064 2697 3065
2805 3059 2699
2694 2706 2675
2697 2705 2693
2684 2669 2411
2411 2689 2696
2837 2875 2716
2683 2801 2802
2809 2798 3061
2912 -1 2877
2801 2715 -1
2873 2702 3064
2683 2867 2713
2709 2801 -1
1392 2602 2600
2808 2815 2269
2605 2721 2698
2698 2723 2607
2719 2564 2604
2696 2399 2690
2803 2806 2720
2999 2813 3003
2579 2918 2919
2817 2879 2623
2625 2592 2665
2816 2623 2665
2877 -1 3061
2825 2616 2441
2659 2794 -1
2899 2862 2486
2754 2750 2749
2944 2931 2962
2347 2504 2650
2373 2650 2491
2639 2640 2740
2639 2740 2491
2741 2048 2640
2048 2738 2737
2739 2301 2521
2521 2559 2562
2365 2745 2553
2553 2654 2653
2743 2062 2067
2756 2651 2067
2325 2239 2756
2755 2758 2239
2654 2760 2733
2733 2656 2653
2835 2483 2782
2638 2652 2770
2760 2763 2637
2733 2772 2056
2326 2748 2321
2758 2746 2747
2903 -1 2783
2748 2483 2756
2483 2324 2651
2749 2778 2753
2937 2936 -1
2844 2783 2784
2768 2770 2753
2769 2771 2637
2844 2779 2782
2903 2841 -1
2773 2840 2839
2773 2780 2763
2770 2497 2764
2769 2763 2752
2950 2947 2764
2512 2754 2637
2768 2778 2767
2843 2775 2849
2638 2780 2774
2908 2788 2385
2928 2902 2901
2773 2760 2329
2765 2840 2329
2768 2385 2775
-1 2786 3069
2904 2765 2751
2762 2757 2905
2762 2846 2840
2908 2907 2848
2781 2847 2928
2846 2906 2908
2776 3067 2849
2790 2851 2138
2789 2566 2128
2659 -1 2861
2047 2862 2861
2476 2923 2899
2924 2631 2731
2614 2415 2599
2599 2676 2682
2580 2830 2624
2873 2911 2711
2700 2399 3064
2680 2679 2685
2710 2713 2716
2875 2693 2710
2678 2723 2700
2806 2807 2269
2678 2704 2417
2723 2613 2804
2804 2913 131
2814 2718 2998
3063 3059 2711
3002 2813 2878
2914 2913 2613
-1 2701 2699
2724 2913 2810
2359 2276 2808
2608 2600 2718
2728 2594 2589
2593 2915 2726
2888 2819 2580
2883 2818 2828
2626 2625 2621
2876 2886 -1
2826 2824 2880
2832 2609 2624
2621 2879 2822
2730 2830 2893
2569 2626 2822
2882 2921 2894
2889 2890 2819
2895 2441 2610
2832 2797 2825
2124 2609 2622
2896 2823 2830
2897 2485 2898
2836 2898 3076
2751 2329 2324
2481 2834 -1
2709 -1 2872
2939 2938 2513
2846 2385 2767
2784 2767 2779
2326 2766 2904
2903 2844 2904
2774 2902 2938
2762 2765 2842
3066 2937 3069
2784 2787 2839
2942 2786 -1
3067 2785 2926
2925 2774 2788
2657 2855 2581
2581 2789 2658
-1 2933 2358
2583 2570 2910
2860 2859 2128
-1 2358 2850
2574 2657 2658
2586 2086 2488
2083 2488 2635
2662 2574 2854
2660 2047 2854
2791 2662 2792
2792 2732 2659
2685 2921 2869
2692 -1 2603
2677 2922 2921
-1 2882 2881
2870 2715 2868
2688 2871 2867
2692 2674 2863
2603 -1 2867
2868 2674 2603
2934 2837 2912
2798 2714 3065
2934 2911 2672
2934 2802 2709
2821 2890 2887
2729 2911 2712
-1 2810 2914
2916 2824 2726
2889 2888 2822
2885 2883 2866
2866 2884 2827
2819 -1 2881
2882 -1 2692
2580 2881 2894
2821 2892 2920
2891 2876 2889
2818 2569 2880
2880 2887 2828
2876 -1 2828
2892 2887 2916
2891 2935 2886
2922 2677 2825
2827 2922 2885
2829 2615 2622
2622 2832 2441
2481 2632 2833
3077 2834 2833
2732 2793 2924
2923 2629 2632
3070 3069 2777
2925 2777 2843
2766 2757 2842
2842 2782 2841
2906 2783 -1
2905 2907 2787
2906 -1 2785
2785 2776 2787
2935 2933 2920
2918 2853 2358
2798 2874 2877
2872 -1 2712
2813 2807 2811
2811 2701 2878
2817 2917 2591
2591 2891 2879
2915 2576 2579
2910 2933 2725
2725 2935 2591
2886 2909 -1
2827 2863 2865
2865 2893 2894
2924 2793 2900
2923 2794 2899
2902 2849 3070
2936 2848 -1
2939 2961 2931
2513 2777 2786
2955 3071 3075
2943 2652 2323
2734 2945 2927
2323 2638 2938
2918 2852 2909
2875 2872 2874
2909 2892 2919
3068 2926 2761
2845 2761 -1
2932 2843 2838
2838 2927 2323
2957 2503 2383
2949 2515 2952
2961 2847 2962
2946 2930 2945
2954 2734 2958
2943 2931 2954
2943 2956 2951
2953 2512 2771
2957 2956 2960
2953 2951 2941
2951 2771 2497
2950 2946 2949
2941 2477 2518
2949 2518 2947
2960 2945 2944
2929 3044 2957
2515 2946 2948
2955 2940 2948
-1 2959 2944
3071 2958 3073
2954 3071 2948
2927 2513 2942
2942 -1 2734
79 297 278
278 130 112
368 369 355
341 362 350
608 143 263
267 375 377
618 610 611
611 620 625
514 199 340
340 516 730
1037 2978 899
725 2975 1037
2974 1132 2976
2975 1019 2979
1036 1694 -1
897 1038 2973
1037 2976 1036
1208 -1 940
940 1060 937
1280 2983 -1
2984 1286 2982
1181 1287 2983
1293 2987 1292
1293 1283 1290
1290 1289 2985
2022 1840 2989
2988 2992 -1
1480 1336 3001
3001 3000 2994
1476 1460 2989
1468 1356 1838
1476 1478 2991
1609 1524 1553
1534 1553 1638
-1 3000 1367
1485 2808 131
1336 131 2724
2997 1460 2991
1367 2991 2990
3003 2810 -1
3002 1367 2724
1577 1128 999
999 1256 1347
1741 1865 1942
2107 1944 1969
2107 1615 2319
1944 2319 1867
2106 1672 1971
1971 2104 2258
2203 2202 2218
2218 1304 2250
3035 2316 3015
-1 3014 3022
2236 3029 2310
1859 3018 2029
3020 2537 3017
-1 3020 3024
3018 3019 3022
3022 2316 2233
3021 3020 3015
2531 2532 2534
1859 3025 3019
-1 3024 2072
3048 3030 3050
2236 2223 2212
3034 3048 3032
3031 1859 3016
2311 2212 3026
3029 3034 2072
3055 3028 3056
3055 -1 2072
3028 3031 2311
3040 3014 -1
1548 1856 3040
1510 1717 1733
2237 2538 2316
1856 1732 1733
3036 2237 3035
2384 2459 2445
2445 2444 2451
3079 3078 3083
3072 3081 2955
2535 2225 2312
3051 3053 -1
2200 3048 2312
3047 3028 3026
3053 2225 -1
3026 2534 2312
3052 3046 -1
3056 3051 3055
3054 3049 3046
3053 3056 2200
3052 3033 3032
3052 3032 3054
2275 2400 2418
2418 2619 2620
2704 2702 2809
3063 -1 2699
2729 3062 2711
3063 3061 -1
3062 3060 2809
2714 2799 2703
2703 2672 2873
3070 3068 2845
3068 2788 2848
3067 2936 3066
2845 2781 2901
2901 2925 3066
2929 2960 2959
3074 3082 3044
-1 3075 2959
-1 3072 3075
3073 3074 2929
-1 2834 2478
2898 2479 3079
2484 3080 3043
2482 3077 3043
2386 2447 3078
2503 3044 3083
3084 3072 -1
3081 3084 3043
3082 2482 3083
