3 0
0 11
11 3
17 49
49 43
43 17
30 13
13 16
16 30
31 51
51 46
46 31
16 28
28 29
29 16
49 27
27 37
37 49
32 14
14 26
26 32
14 2
2 1
1 14
18 12
12 45
45 18
13 1
2 13
2 16
11 13
13 3
10 63
63 12
12 10
16 19
19 28
32 61
61 22
22 32
37 11
11 35
35 37
11 1
23 32
26 23
14 22
22 19
19 14
26 27
27 53
53 26
54 25
25 32
32 54
66 28
19 66
29 30
22 18
18 19
2 19
0 35
15 29
28 15
30 3
34 3
30 34
53 23
71 15
15 70
70 71
23 54
66 15
1 26
57 20
20 55
55 57
42 59
59 7
7 42
71 29
4 86
86 38
38 4
22 12
1 27
25 39
39 32
44 1
11 44
57 23
53 57
18 66
73 71
71 72
72 73
40 30
30 24
24 40
29 24
34 0
46 36
36 43
43 46
37 85
85 49
61 39
39 10
10 61
78 80
80 77
77 78
76 33
33 6
6 76
40 34
40 84
84 34
60 62
62 0
0 60
62 35
47 51
51 8
8 47
35 85
46 85
85 31
44 27
24 73
73 81
81 24
63 38
38 45
45 63
12 61
81 40
71 24
83 77
80 83
34 60
60 42
42 62
85 43
37 44
67 69
69 65
65 67
45 65
65 18
31 50
50 51
50 42
7 50
50 48
48 51
46 47
47 36
17 27
31 62
62 50
7 48
48 8
27 52
52 53
17 52
20 53
52 20
56 25
54 56
9 56
56 55
55 9
57 54
57 56
81 82
82 40
58 6
6 59
59 58
34 58
58 60
60 59
31 35
69 70
15 69
67 86
86 88
88 67
45 67
64 67
88 64
65 66
65 15
38 67
90 89
89 21
21 90
64 69
89 64
64 68
68 89
64 70
90 72
72 70
70 90
5 33
33 80
80 5
41 77
77 75
75 41
74 75
75 72
72 74
74 41
72 21
21 74
75 73
58 76
77 79
79 75
78 5
76 84
84 82
82 76
82 83
83 76
41 78
79 73
79 81
82 79
79 83
58 84
33 83
88 87
87 68
68 88
86 87
4 87
90 64
