26 11 49
71 -1 80
10 22 28
84 61 76
27 22 13
73 51 80
35 17 25
9 35 30
104 75 40
7 10 16
2 9 24
16 28 0
104 65 -1
24 21 4
99 25 100
26 60 72
11 43 9
6 31 33
23 30 25
85 31 41
42 33 89
13 45 34
4 48 2
40 45 18
13 10 30
6 14 18
0 58 15
4 34 38
29 11 2
28 55 49
18 24 7
44 17 19
103 121 38
91 20 17
21 109 27
6 7 41
-1 93 88
-1 77 97
67 27 32
144 -1 146
8 23 99
35 62 19
-1 100 20
16 72 62
31 88 91
23 108 21
121 124 118
48 66 55
47 22 67
0 29 69
-1 142 79
60 71 5
-1 65 100
68 130 127
-1 125 138
29 47 56
139 55 140
58 69 70
57 102 26
83 -1 84
141 51 15
141 3 142
43 73 41
132 66 118
110 104 -1
52 12 99
94 47 63
118 48 38
53 137 135
57 49 96
101 57 97
142 1 51
73 43 15
72 5 62
112 106 113
106 108 8
78 3 81
37 82 101
83 76 82
84 -1 50
1 86 5
102 101 76
78 77 -1
78 -1 59
79 3 59
87 19 86
-1 85 80
85 -1 88
44 87 36
20 92 -1
93 -1 -1
92 33 44
91 93 89
36 90 92
140 66 134
-1 98 125
98 69 139
70 98 37
96 95 97
65 40 14
52 14 42
70 77 81
81 141 58
32 112 115
64 8 12
145 107 144
74 75 110
105 147 113
109 45 75
108 112 34
106 64 144
-1 148 149
74 103 109
107 115 74
147 -1 149
113 150 103
121 150 148
137 127 -1
46 63 67
126 122 130
124 123 122
32 116 46
-1 119 120
-1 120 148
120 131 46
95 136 54
135 131 119
53 -1 117
140 129 136
133 138 128
-1 53 119
126 132 124
134 63 131
134 135 129
132 133 94
133 126 68
139 128 125
138 68 117
137 54 129
136 96 56
128 56 94
60 102 61
61 50 71
-1 147 145
39 105 110
105 146 143
-1 145 39
107 143 114
111 123 116
150 114 111
116 115 149
