3 0 11
17 49 43
30 13 16
31 51 46
16 28 29
49 27 37
32 14 26
14 2 1
18 12 45
13 1 2
2 16 13
3 11 13
10 63 12
28 16 19
32 61 22
37 11 35
1 13 11
23 32 26
14 22 19
26 27 53
54 25 32
66 28 19
30 16 29
19 22 18
2 19 16
22 14 32
35 11 0
15 29 28
13 30 3
34 3 30
2 14 19
26 53 23
71 15 70
32 23 54
15 28 66
1 26 14
57 20 55
42 59 7
15 71 29
4 86 38
22 12 18
27 26 1
32 25 39
44 1 11
57 23 53
66 19 18
73 71 72
40 30 24
29 24 30
34 0 3
46 36 43
49 37 85
61 39 10
78 80 77
76 33 6
40 34 30
40 84 34
60 62 0
35 0 62
47 51 8
37 35 85
46 85 31
27 1 44
24 73 81
63 38 45
12 61 10
24 81 40
29 71 24
83 77 80
34 60 0
60 42 62
49 85 43
11 37 44
27 44 37
67 69 65
18 45 65
31 50 51
50 42 7
50 48 51
36 46 47
27 49 17
50 31 62
7 48 50
8 51 48
51 47 46
27 52 53
27 17 52
20 53 52
20 57 53
56 25 54
9 56 55
23 57 54
56 54 57
56 57 55
81 82 40
58 6 59
34 58 60
59 42 60
59 60 58
22 61 12
32 39 61
50 62 42
35 62 31
69 70 15
12 63 45
67 86 88
45 67 65
64 67 88
18 65 66
15 66 65
38 67 45
90 89 21
15 65 69
69 67 64
89 64 68
70 69 64
90 72 70
5 33 80
24 71 73
41 77 75
74 75 72
72 71 70
75 74 41
72 21 74
73 72 75
76 6 58
75 77 79
5 80 78
76 84 82
76 82 83
77 41 78
73 75 79
73 79 81
83 82 79
82 81 79
77 83 79
76 58 84
80 33 83
76 83 33
34 84 58
40 82 84
31 85 35
43 85 46
88 87 68
67 38 86
87 88 86
86 4 87
68 64 88
72 90 21
89 90 64
64 90 70
