40 11 16
29 52 51
23 14 43
21 0 17
14 23 17
74 38 69
59 88 109
259 132 116
267 142 268
374 113 121
48 780 45
11 114 16
275 266 272
161 165 148
462 455 12
15 18 22
2 260 262
1 124 125
110 1 122
14 17 39
92 93 94
11 40 33
18 15 39
117 110 122
14 39 24
17 18 39
17 23 21
0 21 34
17 0 18
255 24 16
3 44 24
135 127 129
30 22 18
20 21 19
58 29 56
29 34 52
30 18 0
14 24 43
19 21 23
43 19 23
95 93 42
95 42 46
236 237 238
437 232 431
15 22 33
32 58 54
79 37 35
75 81 83
28 27 71
36 0 34
51 20 25
32 73 58
98 59 71
30 0 36
61 57 112
77 27 28
62 33 22
62 59 33
52 21 20
34 29 36
76 36 73
98 60 88
70 32 54
76 73 78
429 232 72
85 71 83
38 37 32
38 106 35
40 39 15
24 39 16
39 40 16
15 33 40
45 780 49
61 88 60
44 46 42
42 43 44
44 43 24
43 42 19
47 44 3
47 46 44
45 47 48
66 96 157
96 46 149
91 25 20
47 257 48
46 47 45
375 13 41
257 47 3
48 257 256
320 282 162
66 95 96
171 50 167
190 53 68
29 51 56
21 52 34
20 51 52
29 58 36
51 25 55
56 55 68
82 81 79
193 97 191
55 190 68
55 56 51
69 38 32
89 61 60
88 112 109
79 75 78
221 252 31
71 62 28
98 88 59
37 38 35
104 60 98
64 90 115
109 33 59
30 76 77
62 22 28
54 68 70
77 75 27
120 41 121
255 13 3
19 92 20
171 180 50
46 45 149
94 93 66
180 65 94
363 364 366
360 70 68
56 68 54
233 72 230
230 72 232
360 68 53
30 28 22
69 32 70
73 37 78
73 32 37
74 228 230
73 36 58
75 79 81
106 38 74
59 62 71
228 74 69
54 58 56
30 77 28
30 36 76
75 77 76
79 78 37
76 78 75
82 107 63
228 69 229
80 245 85
75 83 27
79 35 107
81 80 83
241 82 63
80 81 82
85 83 80
71 27 83
243 80 82
103 214 89
227 225 226
71 85 84
214 103 216
26 415 525
147 135 145
124 1 110
112 57 111
61 89 425
312 424 87
104 99 86
11 109 254
109 11 33
92 91 20
192 65 179
93 92 19
91 92 65
42 93 19
825 94 66
180 94 50
92 94 65
96 95 46
93 95 66
349 149 152
825 148 167
97 190 191
193 371 97
84 99 71
99 98 71
100 84 85
103 89 104
220 84 100
214 87 89
430 434 432
84 220 86
232 361 230
241 243 82
86 103 104
104 89 60
98 99 104
84 86 99
35 240 63
361 106 74
240 106 105
63 107 35
82 79 107
438 442 250
108 221 246
112 88 61
113 90 64
113 114 90
3 24 255
111 57 258
111 119 124
115 111 64
112 115 254
117 113 64
64 111 110
128 125 119
11 90 114
254 115 90
111 115 112
129 132 259
118 41 120
117 64 110
2 266 376
118 123 2
117 120 113
123 122 116
144 136 417
120 117 123
121 41 13
13 255 374
113 120 121
1 116 122
2 123 116
120 123 118
117 122 123
111 124 110
125 124 119
418 357 416
134 356 147
284 387 388
139 127 135
328 132 127
1 125 129
111 258 119
146 136 128
134 145 128
129 127 132
424 57 425
787 218 217
129 145 135
455 447 454
127 139 141
116 132 260
146 119 258
358 357 418
783 782 359
383 426 219
145 129 125
134 147 145
383 526 428
134 128 136
470 451 457
329 135 147
136 130 312
136 146 130
145 125 128
377 141 139
260 2 116
142 328 141
377 139 137
141 140 142
267 268 265
267 269 263
417 136 312
416 357 144
419 87 143
379 381 446
785 143 787
420 417 419
136 144 134
137 139 329
128 119 146
377 137 126
349 152 321
347 336 322
150 293 300
45 152 149
341 256 346
148 825 157
314 295 468
157 156 148
49 152 45
616 690 592
301 337 351
492 500 493
399 324 338
175 331 344
159 155 349
149 155 96
341 347 322
148 156 161
96 155 157
156 157 155
515 410 514
169 171 352
403 188 688
162 161 172
49 281 400
148 165 167
174 713 712
166 165 161
342 321 276
351 337 287
183 166 160
192 193 191
330 304 302
203 202 168
166 161 160
167 165 163
49 341 281
163 165 166
171 167 352
167 50 825
404 509 510
363 366 195
170 163 166
196 169 313
183 170 166
163 170 178
352 167 163
171 169 179
349 342 209
178 355 168
205 333 354
306 333 316
299 309 186
201 199 67
554 513 557
186 177 183
353 331 311
209 159 349
316 333 309
317 201 67
160 394 183
177 168 355
179 194 193
192 91 65
171 179 180
179 65 180
188 336 173
302 514 411
183 177 170
205 354 184
206 200 203
203 168 177
153 275 301
411 412 523
803 796 799
394 282 334
344 187 175
292 307 185
276 401 345
178 197 313
309 781 186
338 506 399
191 190 55
210 200 206
25 192 191
365 190 97
55 25 191
91 192 25
193 192 179
194 179 169
372 367 369
196 194 169
194 196 369
168 197 178
201 372 197
169 352 313
201 317 6
197 168 199
197 199 201
200 202 203
7 231 433
213 211 208
202 199 168
210 211 200
202 200 213
6 198 370
781 206 207
186 207 177
202 67 199
177 207 203
322 336 188
781 309 333
207 206 203
202 213 67
161 162 160
200 211 213
182 211 778
354 348 353
349 321 342
779 206 205
211 182 208
204 213 208
213 204 67
210 778 211
210 779 778
217 218 216
223 216 103
86 220 222
214 218 87
223 103 86
217 216 215
225 525 215
144 356 134
216 218 214
426 329 147
329 138 137
427 387 290
246 221 249
216 223 215
249 245 246
221 31 244
220 100 251
222 226 225
86 222 223
215 223 222
220 226 222
222 225 215
525 224 26
251 226 220
225 227 224
70 360 69
226 101 227
233 230 228
363 195 235
435 236 433
228 234 233
232 437 361
362 528 561
430 432 102
438 63 240
234 228 229
234 435 233
237 234 229
7 433 236
365 97 444
236 238 7
237 236 234
238 235 7
229 360 445
235 238 239
365 237 445
239 238 237
444 364 365
106 240 35
438 240 105
437 438 105
241 108 243
373 431 439
247 249 244
246 243 108
85 245 100
101 251 253
226 251 101
80 243 245
245 243 246
63 250 241
221 244 249
108 250 252
245 249 100
527 252 250
250 108 241
100 249 251
252 221 108
253 249 247
101 253 247
248 31 252
251 249 253
11 254 90
109 112 254
16 114 255
374 255 114
118 392 41
2 262 266
3 13 257
257 13 375
424 258 57
258 130 146
116 1 259
129 259 1
263 132 328
260 263 262
269 271 261
341 346 347
260 132 263
262 272 266
267 263 142
262 263 269
285 280 273
336 347 350
289 279 288
279 270 271
272 262 261
264 350 266
268 142 140
269 267 265
126 390 377
140 390 427
265 279 271
269 261 262
481 482 468
330 316 176
265 271 269
270 280 271
274 272 261
272 274 275
293 337 280
742 150 305
285 261 271
275 274 273
300 291 150
266 275 264
274 285 273
302 523 330
160 162 282
337 301 273
141 377 140
388 449 446
290 288 268
288 279 265
153 173 336
280 337 273
293 280 270
334 299 186
414 175 594
397 209 396
426 138 329
391 319 451
388 446 381
289 294 279
261 285 274
271 280 285
279 294 270
303 154 297
49 276 321
301 275 273
268 288 265
289 288 284
486 464 485
287 150 742
461 283 453
288 290 284
293 287 337
172 161 156
296 300 293
518 315 516
379 380 381
296 293 270
294 378 296
270 294 296
320 154 303
174 553 173
378 294 289
295 314 286
304 332 310
340 353 311
468 295 380
159 172 156
324 399 551
409 311 407
286 296 295
291 286 314
737 736 677
334 282 303
184 340 308
315 411 514
604 501 503
155 149 349
340 409 164
205 184 308
450 465 391
185 332 154
354 306 348
747 748 556
335 411 789
553 508 688
316 297 176
181 339 408
692 150 291
297 332 304
334 303 299
144 357 356
371 194 369
215 415 217
327 414 189
205 781 333
196 313 197
67 204 317
468 380 382
692 736 305
395 396 398
189 407 327
159 156 155
331 327 311
516 315 514
426 356 219
219 356 357
822 776 791
320 162 277
460 487 490
395 277 396
174 173 153
293 150 287
515 304 310
300 286 291
778 779 823
677 692 678
400 401 276
26 413 422
144 417 416
422 413 785
367 198 368
295 378 380
530 463 465
327 331 175
357 358 526
141 328 127
263 328 142
135 329 139
130 424 312
299 303 297
330 176 304
394 186 183
354 333 306
297 304 176
348 331 353
395 154 320
327 175 414
264 153 336
354 353 184
797 408 189
307 292 338
299 297 316
395 320 277
780 341 49
316 309 299
405 308 340
340 184 353
185 154 292
187 344 335
185 310 332
412 331 348
392 346 256
281 322 403
306 316 330
276 345 510
376 118 2
336 350 264
330 348 306
340 164 405
188 173 553
341 322 281
256 375 392
347 346 343
350 347 343
172 159 209
49 321 152
407 311 327
162 172 277
303 282 320
350 343 376
153 301 174
296 286 300
153 264 275
163 178 352
352 178 313
554 307 338
307 310 185
331 412 344
154 332 297
178 170 355
177 355 170
87 218 143
623 621 358
788 143 785
445 360 53
69 360 229
106 361 105
230 361 74
560 440 443
429 528 431
235 239 363
364 363 239
364 239 365
364 318 366
237 365 239
190 365 53
367 366 318
368 195 366
318 369 367
370 367 372
371 369 318
367 368 366
372 369 196
6 370 201
198 367 370
371 318 444
194 371 193
197 372 196
370 372 201
232 429 431
442 436 242
113 374 114
13 374 121
375 41 392
257 375 256
350 376 266
392 376 343
453 393 389
384 126 389
380 378 381
295 296 378
529 137 138
464 386 454
381 378 289
380 379 382
284 388 289
284 290 387
386 382 379
476 478 464
138 426 383
456 471 473
140 427 268
447 464 454
529 126 137
446 12 379
138 383 461
386 379 12
449 385 457
427 390 473
289 388 381
390 140 377
268 427 290
384 390 126
387 385 449
385 387 427
472 533 474
471 457 385
376 392 118
346 392 343
462 319 467
482 492 493
282 394 160
186 394 334
277 172 397
292 154 395
209 342 509
395 398 292
209 397 172
396 277 397
398 396 399
292 398 506
511 399 396
512 399 511
400 281 401
276 49 400
281 151 401
664 401 151
540 538 314
555 748 513
281 403 151
322 188 403
663 512 345
209 509 396
164 212 405
823 405 212
324 551 552
746 751 406
339 407 408
409 407 339
189 408 407
164 409 339
311 409 340
557 310 307
410 519 516
789 411 315
412 411 335
344 412 335
523 348 330
798 325 799
798 594 558
594 175 187
790 558 594
187 335 789
803 799 325
419 417 312
416 131 418
131 416 417
357 526 219
784 782 783
87 419 312
420 419 143
422 787 415
417 420 131
622 624 133
418 423 358
422 785 787
359 782 786
131 784 418
460 568 488
424 130 258
87 424 89
61 425 57
89 424 425
356 426 147
526 383 219
383 428 283
388 387 449
599 598 625
458 448 283
430 429 72
430 102 561
233 435 434
562 441 439
431 528 562
431 373 437
433 231 434
434 430 72
432 434 231
233 434 72
236 435 234
434 435 433
560 559 8
436 441 242
437 373 438
437 105 361
436 442 373
63 438 250
528 429 430
441 436 439
242 248 442
439 436 373
242 441 440
527 442 248
373 442 438
362 443 528
443 440 441
371 444 97
364 444 318
229 445 237
53 365 445
427 473 385
446 449 462
386 12 454
599 619 622
490 389 393
465 467 391
620 458 283
447 323 466
453 283 448
818 580 812
451 474 534
448 458 459
448 569 393
461 389 138
455 454 12
466 476 447
446 462 12
465 323 455
474 451 470
448 393 453
471 385 473
457 319 462
620 283 428
458 452 597
625 816 579
563 278 533
569 459 537
479 470 456
283 461 383
389 461 453
449 457 462
319 457 451
479 456 487
455 323 447
467 455 462
391 467 319
463 323 465
323 463 466
455 467 465
481 382 486
382 481 468
476 466 10
468 482 540
456 470 471
474 470 479
457 471 470
479 472 474
472 479 488
390 384 473
531 473 384
568 570 488
472 563 533
10 483 476
482 475 491
477 484 478
464 447 476
484 536 469
483 477 478
485 478 484
456 531 487
479 487 488
534 567 391
451 534 391
382 386 486
482 481 475
484 489 491
492 482 491
326 546 544
476 483 478
485 484 475
486 475 481
464 478 485
464 486 386
486 485 475
490 487 384
488 487 460
460 569 568
566 480 533
498 543 499
540 493 538
389 490 384
460 490 393
484 491 475
492 491 489
489 484 541
538 291 314
495 492 489
495 500 492
591 549 548
627 605 677
469 541 484
501 500 495
498 499 494
494 495 498
503 501 494
678 627 677
541 495 489
543 541 542
501 495 494
503 504 502
500 497 602
545 503 494
497 500 501
631 583 630
603 604 505
545 494 499
604 503 614
546 504 545
502 504 582
606 587 588
627 539 581
292 506 338
398 399 506
663 664 616
552 507 615
711 706 737
690 689 592
510 509 342
396 509 404
276 510 342
345 404 510
396 404 511
512 511 404
345 512 404
512 507 551
513 554 555
820 760 761
515 514 302
516 514 410
304 515 302
410 515 310
519 520 761
415 26 422
750 751 746
518 516 522
516 519 522
822 773 777
520 519 410
768 522 517
410 310 557
748 820 513
762 729 749
215 525 415
517 522 519
522 521 822
411 523 302
348 523 412
786 785 413
798 799 797
252 527 248
225 224 525
621 526 358
250 442 527
138 389 529
528 443 562
126 529 389
487 531 384
465 450 530
456 473 531
600 571 574
534 533 480
533 534 474
450 391 567
573 595 564
480 535 567
484 477 536
565 278 563
539 602 601
493 539 538
581 601 603
601 581 539
468 540 314
482 493 540
543 542 496
541 498 495
499 543 496
541 469 542
541 543 498
546 545 499
499 496 544
503 545 504
544 546 499
546 548 504
581 681 627
548 582 504
591 546 326
636 628 584
548 585 582
512 551 399
661 660 638
552 551 507
556 593 666
555 324 593
712 553 174
688 508 665
555 554 338
557 513 520
593 324 552
338 324 555
615 617 552
673 556 666
554 557 307
410 557 520
790 594 187
805 558 806
441 562 443
443 362 559
559 560 443
430 561 528
431 562 439
572 488 570
572 570 573
480 567 534
573 596 572
596 565 563
533 278 566
450 567 535
460 393 569
570 568 537
459 569 448
537 568 569
537 574 570
472 572 563
574 537 575
574 575 600
488 572 472
574 573 570
595 573 571
564 565 596
575 537 459
573 574 571
578 575 459
600 578 580
597 578 459
577 578 579
814 577 816
578 597 579
578 577 580
579 597 618
618 619 599
811 814 809
595 810 532
614 550 590
505 614 590
588 587 547
550 585 610
608 585 588
502 582 550
630 589 631
585 550 582
606 548 549
629 685 630
608 609 607
635 607 609
637 682 635
588 547 609
680 590 633
585 548 606
550 583 590
636 635 609
546 591 548
592 615 616
617 666 552
666 593 552
555 593 556
790 187 789
798 558 325
810 595 571
532 564 595
572 596 563
564 596 573
458 597 459
618 597 452
452 620 619
625 579 618
618 599 625
598 599 676
578 600 575
810 600 580
602 539 493
603 601 497
500 602 493
497 601 602
604 497 501
680 603 505
503 502 614
497 604 603
590 583 631
714 712 713
587 606 549
585 606 588
608 610 585
609 608 588
610 608 607
641 639 611
4 639 584
648 646 649
610 583 550
682 610 607
644 643 637
590 631 633
682 612 610
646 648 643
583 612 630
604 614 505
550 614 502
616 615 507
617 615 592
663 616 507
690 687 665
672 402 739
698 695 640
619 618 452
816 576 814
358 423 623
621 623 619
458 620 452
428 526 621
619 620 621
428 621 620
624 622 423
622 133 599
423 622 623
619 623 622
783 624 423
133 624 421
633 681 680
576 816 626
625 598 626
737 605 699
631 589 634
609 547 628
632 634 640
612 583 610
629 630 612
634 633 631
685 647 686
699 679 700
693 605 627
680 581 603
662 684 589
634 632 694
609 628 636
636 639 641
642 641 611
584 639 636
636 641 635
629 612 682
654 658 655
632 640 695
642 643 644
4 611 639
589 640 634
735 695 698
635 641 644
611 613 642
642 613 643
650 649 645
637 643 648
635 644 637
642 644 641
613 645 646
643 613 646
646 645 649
647 650 652
638 684 661
685 648 647
637 648 629
650 645 586
648 649 647
652 650 586
647 649 650
657 651 655
651 661 662
655 586 654
647 652 651
586 655 652
658 657 655
652 655 651
658 659 732
733 715 691
666 617 668
660 657 656
661 657 660
659 653 732
656 657 658
722 719 704
658 654 659
739 755 669
684 638 698
651 657 661
685 662 589
662 686 651
512 663 507
664 663 345
401 664 345
687 664 151
665 687 688
665 508 689
671 668 617
668 667 674
697 660 656
556 673 747
672 671 617
675 674 667
693 699 605
671 754 668
745 674 675
720 725 675
672 617 592
671 669 754
672 592 689
669 671 672
668 673 666
747 670 746
670 673 674
668 674 673
683 734 703
730 745 725
692 677 736
599 133 676
291 538 678
538 539 678
627 678 539
694 679 681
702 700 695
590 680 505
633 694 681
681 679 693
581 680 681
635 682 607
629 682 637
705 753 733
696 707 701
589 684 640
661 684 662
630 685 589
685 629 648
651 686 647
662 685 686
664 687 616
688 687 151
403 688 151
553 688 188
819 689 508
689 402 672
687 690 616
689 690 665
731 697 656
667 724 726
150 692 305
678 692 291
681 693 627
699 693 679
634 694 633
700 694 632
640 684 698
695 683 702
696 702 703
699 701 737
731 732 704
697 715 733
638 660 698
735 705 683
679 694 700
701 699 696
695 700 632
696 699 700
696 703 707
701 707 710
703 702 683
700 702 696
705 734 683
739 402 740
716 719 721
653 717 722
726 691 720
695 735 683
710 711 701
736 714 305
708 707 703
710 707 740
756 734 757
708 755 739
819 709 740
741 709 712
740 707 708
710 709 711
819 712 709
741 714 706
553 712 508
174 301 713
301 351 713
706 711 741
713 351 714
742 714 351
731 715 697
719 715 704
718 691 715
721 719 717
730 670 745
718 720 691
716 718 719
720 718 716
719 718 715
727 725 720
720 675 726
717 298 721
721 298 728
653 722 704
717 719 722
762 744 729
762 728 744
754 738 667
733 743 705
727 720 716
727 762 766
667 726 675
691 726 724
716 728 727
744 759 729
721 728 716
762 727 728
821 771 773
752 751 750
522 768 521
748 406 820
732 731 656
715 731 704
732 656 658
653 704 732
743 733 691
753 705 735
743 734 705
667 738 757
698 660 735
753 735 660
737 677 605
714 736 706
711 737 701
736 737 706
703 756 708
738 756 757
672 739 669
402 819 740
710 740 709
708 739 740
709 741 711
712 714 741
287 742 351
305 714 742
691 724 743
743 724 757
766 762 749
728 298 744
674 745 670
725 745 675
670 730 746
750 746 730
670 747 673
406 747 746
556 748 555
406 748 747
767 760 751
768 758 769
725 766 730
730 766 750
765 749 729
749 752 750
729 763 765
751 752 767
660 697 753
733 753 697
754 667 668
755 754 669
756 755 708
754 755 738
734 756 703
755 756 738
743 757 734
667 757 724
765 763 772
759 763 729
298 759 744
758 517 760
761 760 517
751 760 406
519 761 517
520 513 820
759 723 763
723 772 763
771 770 773
767 774 758
774 765 764
749 765 752
727 766 725
750 766 749
774 767 752
760 767 758
517 758 768
758 774 769
770 771 772
768 769 821
772 771 764
764 771 769
158 777 775
772 764 765
770 772 723
775 777 773
821 773 521
765 774 752
769 774 764
791 793 790
773 770 775
806 790 793
794 158 792
777 776 822
206 779 210
212 182 778
205 308 779
308 405 823
48 256 780
341 780 256
206 781 205
186 781 207
783 359 421
420 782 131
624 783 421
784 423 418
782 784 131
423 784 783
420 788 782
786 782 788
413 359 786
218 787 143
415 787 217
143 788 420
786 788 785
315 518 789
789 518 790
518 791 790
791 776 794
822 791 518
794 793 791
524 806 795
794 777 158
524 805 806
777 794 776
792 793 794
800 803 808
793 792 795
799 801 797
408 797 181
798 797 189
189 414 798
594 798 414
808 325 805
801 181 797
803 804 802
808 807 800
799 796 801
803 802 796
802 804 5
803 800 804
325 558 805
790 806 558
806 793 795
325 808 803
805 524 807
807 808 805
579 816 577
811 818 812
600 810 571
811 812 814
824 815 9
532 810 817
577 812 580
809 815 811
577 814 812
811 824 818
809 814 576
817 818 813
818 824 813
626 816 625
818 817 810
580 818 810
689 819 402
712 819 508
760 820 406
520 820 761
768 821 521
771 821 769
522 822 518
822 521 773
778 823 212
308 823 779
94 825 50
815 824 811
157 825 66
