40 11
11 16
16 40
29 52
52 51
51 29
23 14
14 43
43 23
21 0
0 17
17 21
23 17
17 14
74 38
38 69
69 74
59 88
88 109
109 59
259 132
132 116
116 259
267 142
142 268
268 267
374 113
113 121
121 374
48 780
780 45
45 48
11 114
114 16
275 266
266 272
272 275
161 165
165 148
148 161
462 455
455 12
12 462
15 18
18 22
22 15
2 260
260 262
262 2
1 124
124 125
125 1
110 1
1 122
122 110
17 39
39 14
92 93
93 94
94 92
40 33
33 11
15 39
39 18
117 110
122 117
39 24
24 14
17 18
23 21
21 34
34 0
0 18
255 24
24 16
16 255
3 44
44 24
24 3
135 127
127 129
129 135
30 22
18 30
20 21
21 19
19 20
58 29
29 56
56 58
29 34
34 52
0 30
24 43
23 19
43 19
95 93
93 42
42 95
42 46
46 95
236 237
237 238
238 236
437 232
232 431
431 437
22 33
33 15
32 58
58 54
54 32
79 37
37 35
35 79
75 81
81 83
83 75
28 27
27 71
71 28
36 0
34 36
51 20
20 25
25 51
32 73
73 58
98 59
59 71
71 98
36 30
61 57
57 112
112 61
77 27
28 77
62 33
22 62
62 59
59 33
52 21
20 52
29 36
76 36
36 73
73 76
98 60
60 88
88 98
70 32
54 70
73 78
78 76
429 232
232 72
72 429
85 71
71 83
83 85
38 37
37 32
32 38
38 106
106 35
35 38
40 39
15 40
39 16
780 49
49 45
61 88
60 61
44 46
42 44
42 43
43 44
42 19
47 44
3 47
47 46
45 47
47 48
66 96
96 157
157 66
96 46
46 149
149 96
91 25
20 91
47 257
257 48
45 46
375 13
13 41
41 375
3 257
257 256
256 48
320 282
282 162
162 320
66 95
95 96
171 50
50 167
167 171
190 53
53 68
68 190
51 56
58 36
25 55
55 51
56 55
55 68
68 56
82 81
81 79
79 82
193 97
97 191
191 193
55 190
32 69
89 61
60 89
88 112
112 109
79 75
75 78
78 79
221 252
252 31
31 221
71 62
62 28
104 60
98 104
64 90
90 115
115 64
109 33
30 76
76 77
77 30
22 28
54 68
68 70
77 75
75 27
120 41
41 121
121 120
255 13
13 3
3 255
19 92
92 20
171 180
180 50
45 149
93 66
66 94
180 65
65 94
94 180
363 364
364 366
366 363
360 70
68 360
54 56
233 72
72 230
230 233
232 230
53 360
30 28
70 69
73 37
37 78
74 228
228 230
230 74
74 106
69 228
76 75
82 107
107 63
63 82
69 229
229 228
80 245
245 85
85 80
83 27
35 107
107 79
81 80
80 83
241 82
63 241
82 80
243 80
82 243
103 214
214 89
89 103
227 225
225 226
226 227
85 84
84 71
103 216
216 214
26 415
415 525
525 26
147 135
135 145
145 147
110 124
57 111
111 112
89 425
425 61
312 424
424 87
87 312
104 99
99 86
86 104
11 109
109 254
254 11
92 91
192 65
65 179
179 192
19 93
92 65
65 91
825 94
66 825
94 50
349 149
149 152
152 349
825 148
148 167
167 825
97 190
190 191
193 371
371 97
84 99
99 71
99 98
100 84
85 100
89 104
104 103
220 84
100 220
214 87
87 89
430 434
434 432
432 430
220 86
86 84
232 361
361 230
241 243
86 103
35 240
240 63
63 35
361 106
74 361
240 106
106 105
105 240
438 442
442 250
250 438
108 221
221 246
246 108
113 90
64 113
113 114
114 90
57 258
258 111
111 119
119 124
124 111
115 111
111 64
112 115
115 254
254 112
117 113
64 117
111 110
110 64
128 125
125 119
119 128
11 90
90 254
129 132
259 129
118 41
120 118
2 266
266 376
376 2
118 123
123 2
2 118
117 120
120 113
123 122
122 116
116 123
144 136
136 417
417 144
117 123
123 120
13 121
255 374
374 13
1 116
116 2
418 357
357 416
416 418
134 356
356 147
147 134
284 387
387 388
388 284
139 127
135 139
328 132
132 127
127 328
125 129
129 1
258 119
146 136
136 128
128 146
134 145
145 128
128 134
424 57
57 425
425 424
787 218
218 217
217 787
129 145
455 447
447 454
454 455
139 141
141 127
132 260
260 116
146 119
258 146
358 357
418 358
783 782
782 359
359 783
383 426
426 219
219 383
125 145
383 526
526 428
428 383
136 134
470 451
451 457
457 470
329 135
147 329
136 130
130 312
312 136
146 130
377 141
139 377
142 328
328 141
141 142
139 137
137 377
141 140
140 142
268 265
265 267
267 269
269 263
263 267
312 417
357 144
144 416
419 87
87 143
143 419
379 381
381 446
446 379
785 143
143 787
787 785
420 417
417 419
419 420
144 134
139 329
329 137
137 126
126 377
152 321
321 349
347 336
336 322
322 347
150 293
293 300
300 150
45 152
341 256
256 346
346 341
825 157
157 148
314 295
295 468
468 314
157 156
156 148
49 152
616 690
690 592
592 616
301 337
337 351
351 301
492 500
500 493
493 492
399 324
324 338
338 399
175 331
331 344
344 175
159 155
155 349
349 159
149 155
155 96
341 347
322 341
156 161
155 157
155 156
515 410
410 514
514 515
169 171
171 352
352 169
403 188
188 688
688 403
162 161
161 172
172 162
49 281
281 400
400 49
165 167
174 713
713 712
712 174
166 165
161 166
342 321
321 276
276 342
337 287
287 351
183 166
166 160
160 183
192 193
191 192
330 304
304 302
302 330
203 202
202 168
168 203
161 160
165 163
163 167
49 341
341 281
166 163
167 352
50 825
404 509
509 510
510 404
366 195
195 363
170 163
166 170
196 169
169 313
313 196
183 170
170 178
178 163
163 352
169 179
179 171
349 342
342 209
209 349
178 355
355 168
168 178
205 333
333 354
354 205
306 333
333 316
316 306
299 309
309 186
186 299
201 199
199 67
67 201
554 513
513 557
557 554
186 177
177 183
183 186
353 331
331 311
311 353
209 159
333 309
309 316
317 201
67 317
160 394
394 183
177 168
355 177
179 194
194 193
193 179
192 91
179 180
188 336
336 173
173 188
302 514
514 411
411 302
177 170
354 184
184 205
206 200
200 203
203 206
177 203
153 275
275 301
301 153
411 412
412 523
523 411
803 796
796 799
799 803
394 282
282 334
334 394
344 187
187 175
292 307
307 185
185 292
276 401
401 345
345 276
178 197
197 313
313 178
309 781
781 186
338 506
506 399
55 191
210 200
206 210
25 192
191 25
365 190
97 365
169 194
372 367
367 369
369 372
196 194
196 369
369 194
168 197
201 372
372 197
197 201
352 313
317 6
6 201
168 199
199 197
200 202
7 231
231 433
433 7
213 211
211 208
208 213
202 199
210 211
211 200
200 213
213 202
6 198
198 370
370 6
781 206
206 207
207 781
186 207
207 177
202 67
207 203
188 322
333 781
213 67
162 160
182 211
211 778
778 182
354 348
348 353
353 354
779 206
206 205
205 779
182 208
204 213
208 204
204 67
210 778
210 779
779 778
218 216
216 217
223 216
103 223
220 222
222 86
214 218
218 87
86 223
216 215
215 217
225 525
525 215
215 225
144 356
426 329
147 426
329 138
138 137
427 387
387 290
290 427
221 249
249 246
223 215
249 245
245 246
31 244
244 221
100 251
251 220
222 226
225 222
222 223
222 215
220 226
525 224
224 26
251 226
227 224
224 225
360 69
226 101
101 227
228 233
195 235
235 363
435 236
236 433
433 435
228 234
234 233
437 361
362 528
528 561
561 362
432 102
102 430
438 63
240 438
229 234
234 435
435 233
237 234
229 237
236 7
97 444
444 365
238 7
236 234
238 235
235 7
229 360
360 445
445 229
238 239
239 235
365 237
237 445
445 365
237 239
444 364
364 365
105 438
437 438
105 437
241 108
108 243
373 431
431 439
439 373
247 249
249 244
244 247
246 243
245 100
101 251
251 253
253 101
243 245
63 250
250 241
108 250
250 252
252 108
249 100
527 252
250 527
249 251
253 249
247 253
247 101
248 31
252 248
114 255
114 374
118 392
392 41
262 266
13 257
375 257
424 258
258 130
1 259
263 132
328 263
260 263
263 262
269 271
271 261
261 269
346 347
262 272
263 142
269 262
285 280
280 273
273 285
347 350
350 336
289 279
279 288
288 289
279 270
270 271
271 279
262 261
261 272
264 350
350 266
266 264
140 268
265 269
126 390
390 377
140 390
390 427
427 140
265 279
271 265
481 482
482 468
468 481
330 316
316 176
176 330
270 280
280 271
274 272
261 274
274 275
293 337
337 280
280 293
742 150
150 305
305 742
285 261
271 285
274 273
273 275
300 291
291 150
275 264
274 285
302 523
523 330
282 160
301 273
273 337
377 140
388 449
449 446
446 388
290 288
288 268
268 290
265 288
153 173
336 153
270 293
334 299
186 334
414 175
175 594
594 414
397 209
209 396
396 397
426 138
391 319
319 451
451 391
381 388
289 294
294 279
294 270
303 154
154 297
297 303
49 276
321 49
288 284
284 289
486 464
464 485
485 486
287 150
742 287
461 283
283 453
453 461
290 284
293 287
156 172
296 300
293 296
518 315
315 516
516 518
379 380
380 381
270 296
294 378
378 296
296 294
320 154
303 320
174 553
553 173
173 174
289 378
314 286
286 295
304 332
332 310
310 304
340 353
311 340
295 380
380 468
159 172
156 159
399 551
551 324
409 311
311 407
407 409
286 296
296 295
291 286
314 291
737 736
736 677
677 737
282 303
303 334
184 340
340 308
308 184
315 411
514 315
604 501
501 503
503 604
340 409
409 164
164 340
308 205
450 465
465 391
391 450
185 332
332 154
154 185
354 306
306 348
747 748
748 556
556 747
335 411
411 789
789 335
553 508
508 688
688 553
316 297
297 176
181 339
339 408
408 181
692 150
291 692
297 332
304 297
303 299
357 356
371 194
369 371
215 415
415 217
327 414
414 189
189 327
205 781
197 196
204 317
380 382
382 468
692 736
736 305
305 692
395 396
396 398
398 395
189 407
407 327
331 327
327 311
514 516
426 356
356 219
357 219
822 776
776 791
791 822
162 277
277 320
460 487
487 490
490 460
395 277
277 396
153 174
515 304
310 515
300 286
779 823
823 778
677 692
692 678
678 677
400 401
276 400
26 413
413 422
422 26
417 416
413 785
785 422
367 198
198 368
368 367
295 378
378 380
530 463
463 465
465 530
175 327
358 526
526 357
130 424
297 299
176 304
394 186
348 331
395 154
320 395
264 153
336 264
353 184
797 408
408 189
189 797
292 338
338 307
316 299
780 341
405 308
340 405
154 292
344 335
335 187
185 310
412 331
348 412
392 346
256 392
281 322
322 403
403 281
330 306
345 510
510 276
376 118
330 348
164 405
553 188
256 375
375 392
346 343
343 347
343 350
209 172
172 277
343 376
376 350
301 174
178 352
554 307
338 554
307 310
412 344
170 355
218 143
623 621
621 358
358 623
788 143
785 788
53 445
361 105
560 440
440 443
443 560
429 528
528 431
431 429
239 363
239 364
239 365
364 318
318 366
365 53
367 366
318 367
368 195
366 368
318 369
370 367
372 370
318 371
196 372
370 201
318 444
444 371
442 436
436 242
242 442
392 376
343 392
453 393
393 389
389 453
384 126
126 389
389 384
378 381
529 137
138 529
464 386
386 454
454 464
289 381
379 382
388 289
386 382
379 386
476 478
478 464
464 476
383 138
456 471
471 473
473 456
427 268
447 464
529 126
446 12
12 379
383 461
461 138
12 386
449 385
385 457
457 449
390 473
473 427
384 390
387 385
449 387
427 385
472 533
533 474
474 472
471 457
385 471
462 319
319 467
467 462
482 492
493 482
172 397
397 277
395 292
342 509
509 209
398 292
396 399
399 398
398 506
506 292
511 399
396 511
512 399
511 512
281 401
281 151
151 401
664 401
151 664
540 538
538 314
314 540
555 748
748 513
513 555
403 151
663 512
512 345
345 663
509 396
164 212
212 405
823 405
212 823
551 552
552 324
746 751
751 406
406 746
339 407
407 408
339 409
339 164
557 310
307 557
410 519
519 516
516 410
315 789
335 412
523 348
798 325
325 799
799 798
798 594
594 558
558 798
187 594
790 558
594 790
789 187
325 803
312 419
416 131
131 418
417 131
526 219
784 782
783 784
143 420
422 787
787 415
415 422
420 131
622 624
624 133
133 622
418 423
423 358
782 786
786 359
131 784
784 418
460 568
568 488
488 460
424 89
428 283
283 383
599 598
598 625
625 599
458 448
448 283
283 458
430 429
72 430
102 561
561 430
435 434
434 233
562 441
441 439
439 562
528 562
562 431
373 437
231 434
434 433
72 434
231 432
560 559
559 8
8 560
436 441
441 242
373 438
442 373
373 436
430 528
436 439
242 248
248 442
441 440
440 242
527 442
248 527
362 443
443 528
441 443
473 385
449 462
462 446
12 454
599 619
619 622
622 599
490 389
393 490
465 467
467 391
620 458
283 620
447 323
323 466
466 447
448 453
818 580
580 812
812 818
451 474
474 534
534 451
458 459
459 448
448 569
569 393
393 448
461 389
389 138
466 476
476 447
465 323
323 455
455 465
470 474
457 319
462 457
428 620
458 452
452 597
597 458
625 816
816 579
579 625
563 278
278 533
533 563
569 459
459 537
537 569
479 470
470 456
456 479
456 487
487 479
467 455
463 323
463 466
481 382
382 486
486 481
466 10
10 476
482 540
540 468
470 471
479 474
479 472
479 488
488 472
384 473
531 473
384 531
568 570
570 488
472 563
10 483
483 476
482 475
475 491
491 482
477 484
484 478
478 477
484 536
536 469
469 484
483 477
478 483
485 478
484 485
456 531
531 487
487 488
534 567
567 391
391 534
386 486
481 475
484 489
489 491
491 484
491 492
326 546
546 544
544 326
484 475
475 485
486 475
487 384
384 490
460 569
569 568
566 480
480 533
533 566
498 543
543 499
499 498
540 493
493 538
393 460
489 492
484 541
541 489
538 291
495 492
489 495
495 500
591 549
549 548
548 591
627 605
605 677
677 627
469 541
501 500
495 501
499 494
494 498
494 495
495 498
501 494
494 503
678 627
541 495
543 541
541 542
542 543
503 504
504 502
502 503
500 497
497 602
602 500
545 503
494 545
501 497
631 583
583 630
630 631
603 604
604 505
505 603
499 545
503 614
614 604
546 504
504 545
545 546
504 582
582 502
606 587
587 588
588 606
627 539
539 581
581 627
663 664
664 616
616 663
552 507
507 615
615 552
711 706
706 737
737 711
690 689
689 592
342 510
404 396
345 404
404 511
404 512
512 507
507 551
551 512
554 555
820 760
760 761
761 820
302 515
310 410
519 520
520 761
761 519
750 751
746 750
516 522
522 518
519 522
822 773
773 777
777 822
410 520
768 522
522 517
517 768
557 410
748 820
820 513
762 729
729 749
749 762
519 517
522 521
521 822
822 522
786 785
413 786
799 797
797 798
621 526
389 529
443 562
450 530
600 571
571 574
574 600
534 533
480 534
567 450
573 595
595 564
564 573
480 535
535 567
567 480
477 536
565 278
563 565
539 602
602 601
601 539
493 539
539 538
581 601
601 603
603 581
542 496
496 543
541 498
496 499
469 542
499 546
496 544
544 499
546 548
548 504
581 681
681 627
548 582
591 546
326 591
636 628
628 584
584 636
548 585
585 582
661 660
660 638
638 661
556 593
593 666
666 556
555 324
324 593
593 555
712 553
508 665
665 688
338 555
513 520
520 557
552 593
615 617
617 552
673 556
666 673
187 790
805 558
558 806
806 805
362 559
559 443
572 488
570 572
570 573
573 572
573 596
596 572
596 565
563 596
278 566
535 450
568 537
537 570
537 574
574 570
472 572
572 563
537 575
575 574
575 600
574 573
573 571
571 595
564 565
596 564
459 575
578 575
459 578
600 578
578 580
580 600
597 578
459 597
577 578
578 579
579 577
814 577
577 816
816 814
597 579
577 580
597 618
618 579
618 619
599 618
811 814
814 809
809 811
595 810
810 532
532 595
614 550
550 590
590 614
505 614
590 505
587 547
547 588
550 585
585 610
610 550
608 585
585 588
588 608
582 550
550 502
630 589
589 631
606 548
549 606
629 685
685 630
630 629
608 609
609 607
607 608
635 607
609 635
637 682
682 635
635 637
547 609
609 588
680 590
590 633
633 680
606 585
550 583
583 590
636 635
609 636
592 615
615 616
617 666
666 552
556 555
789 790
558 325
571 810
532 564
452 618
452 620
620 619
619 452
618 625
599 676
676 598
810 600
580 810
493 602
601 497
497 603
604 497
680 603
505 680
502 614
631 590
714 712
713 714
549 587
608 610
607 610
641 639
639 611
611 641
4 639
639 584
584 4
648 646
646 649
649 648
610 583
682 610
607 682
644 643
643 637
637 644
631 633
682 612
612 610
648 643
643 646
583 612
612 630
507 616
592 617
507 663
690 687
687 665
665 690
672 402
402 739
739 672
698 695
695 640
640 698
816 576
576 814
423 623
623 619
619 621
621 428
620 621
622 423
423 624
133 599
622 623
783 624
423 783
624 421
421 133
633 681
681 680
816 626
626 576
598 626
626 625
737 605
605 699
699 737
589 634
634 631
547 628
628 609
632 634
634 640
640 632
612 629
634 633
685 647
647 686
686 685
699 679
679 700
700 699
693 605
627 693
680 581
662 684
684 589
589 662
632 694
694 634
636 639
641 636
642 641
611 642
641 635
682 629
654 658
658 655
655 654
695 632
642 643
644 642
4 611
589 640
735 695
698 735
641 644
644 635
611 613
613 642
613 643
650 649
649 645
645 650
648 637
613 645
645 646
646 613
647 650
650 652
652 647
638 684
684 661
685 648
648 647
648 629
629 637
645 586
586 650
649 647
586 652
657 651
651 655
655 657
651 661
661 662
662 651
655 586
586 654
652 651
651 647
655 652
658 657
658 659
659 732
732 658
733 715
715 691
691 733
617 668
668 666
660 657
657 656
656 660
661 657
659 653
653 732
658 656
722 719
719 704
704 722
654 659
739 755
755 669
669 739
638 698
698 684
685 662
589 685
662 686
686 651
345 664
687 664
151 687
687 688
508 689
689 665
671 668
617 671
668 667
667 674
674 668
697 660
656 697
673 747
672 671
617 672
675 674
667 675
693 699
671 754
754 668
745 674
675 745
720 725
725 675
675 720
592 672
671 669
669 754
689 672
672 669
668 673
747 670
670 746
746 747
670 673
673 674
674 670
683 734
734 703
703 683
730 745
745 725
725 730
133 676
538 678
678 291
539 678
694 679
679 681
681 694
702 700
700 695
695 702
633 694
679 693
693 681
705 753
753 733
733 705
696 707
707 701
701 696
684 640
687 616
151 688
819 689
508 819
689 402
731 697
656 731
667 724
724 726
726 667
700 694
632 700
695 683
683 702
696 702
702 703
703 696
699 701
701 737
731 732
732 704
704 731
697 715
733 697
660 698
735 705
705 683
683 735
699 696
700 696
703 707
707 710
710 701
705 734
402 740
740 739
716 719
719 721
721 716
653 717
717 722
722 653
726 691
691 720
720 726
710 711
711 701
736 714
714 305
708 707
703 708
707 740
740 710
756 734
734 757
757 756
708 755
739 708
819 709
709 740
740 819
741 709
709 712
712 741
708 740
710 709
709 711
819 712
741 714
714 706
706 741
712 508
301 713
351 713
711 741
351 714
742 714
351 742
731 715
719 715
715 704
718 691
715 718
719 717
717 721
730 670
670 745
718 720
716 718
718 719
716 720
727 725
720 727
675 726
717 298
298 721
298 728
728 721
704 653
762 744
744 729
762 728
728 744
754 738
738 667
667 754
733 743
743 705
716 727
727 762
762 766
766 727
724 691
716 728
728 727
744 759
759 729
821 771
771 773
773 821
752 751
750 752
768 521
748 406
406 820
656 732
691 743
735 753
743 734
738 757
757 667
660 735
660 753
736 706
703 756
756 708
738 756
402 819
724 743
724 757
757 743
749 766
298 744
730 746
730 750
406 747
767 760
760 751
751 767
768 758
758 769
769 768
725 766
766 730
766 750
765 749
729 765
749 752
750 749
729 763
763 765
752 767
697 753
755 754
756 755
755 738
763 772
772 765
759 763
298 759
758 517
517 760
760 758
517 761
760 406
820 520
759 723
723 763
723 772
771 770
770 773
767 774
774 758
758 767
774 765
765 764
764 774
765 752
752 774
774 769
771 772
772 770
769 821
821 768
771 764
764 772
771 769
769 764
158 777
777 775
775 158
723 770
773 775
773 521
521 821
791 793
793 790
790 791
770 775
806 790
793 806
794 158
158 792
792 794
777 776
212 182
778 212
308 779
823 308
256 780
359 421
421 783
420 782
782 131
784 423
420 788
788 782
788 786
413 359
518 789
518 790
518 791
776 794
794 791
518 822
794 793
524 806
806 795
795 524
794 777
524 805
792 793
800 803
803 808
808 800
792 795
795 793
799 801
801 797
797 181
189 798
414 798
808 325
325 805
805 808
801 181
803 804
804 802
802 803
808 807
807 800
796 801
802 796
804 5
5 802
800 804
524 807
807 805
811 818
812 811
812 814
824 815
815 9
9 824
810 817
817 532
577 812
809 815
815 811
811 824
824 818
576 809
817 818
818 813
813 817
824 813
810 818
