20 21 24
206 556 135
322 140 212
77 0 17
14 78 17
229 228 84
28 106 53
491 415 493
638 647 434
46 39 44
71 146 74
40 39 13
74 510 71
42 75 30
497 566 429
106 108 53
51 53 56
155 76 118
42 30 40
19 20 14
83 88 79
79 84 0
18 15 19
20 24 16
3 37 140
19 17 18
78 48 77
26 51 56
17 0 18
20 19 15
14 17 19
21 11 24
43 38 16
20 15 21
53 51 28
78 14 156
3 35 37
205 316 317
18 0 159
132 26 110
24 11 55
28 54 55
122 123 348
25 27 29
55 29 24
13 39 117
35 3 43
31 27 25
16 24 29
34 30 27
31 34 27
29 27 43
23 136 138
54 44 31
43 16 29
51 26 32
45 59 47
27 35 43
16 38 20
39 34 31
40 30 34
27 30 35
36 75 42
40 13 58
58 13 59
37 75 142
140 37 209
33 14 38
14 20 38
32 44 54
32 26 132
39 40 34
40 58 42
154 2 152
36 60 67
60 42 41
36 142 75
3 33 43
43 33 38
58 59 1538
76 155 45
39 31 44
54 31 25
44 32 46
117 46 76
117 76 47
76 45 47
81 83 48
0 77 79
59 13 47
11 106 28
48 83 79
36 42 60
54 51 32
57 170 171
327 329 161
56 57 52
110 26 52
26 56 52
55 54 25
54 28 51
55 25 29
28 55 11
57 56 53
21 15 130
346 15 347
23 52 136
154 152 153
41 42 58
115 513 68
63 60 41
65 67 63
68 41 1538
361 351 359
344 145 511
710 49 916
41 58 1538
63 68 65
71 143 146
73 337 338
510 115 71
67 65 62
761 758 438
806 1030 1029
67 62 917
60 63 67
41 68 63
642 514 644
61 577 908
642 344 511
115 68 64
1452 1455 1558
144 116 143
71 64 143
578 705 650
700 871 433
74 804 510
911 66 336
1220 761 438
115 510 513
37 35 75
30 75 35
46 32 132
138 1 133
78 77 17
79 77 48
321 156 14
80 78 157
48 80 81
166 233 82
80 22 124
48 78 80
369 98 125
84 94 91
95 103 99
109 108 106
87 83 81
88 91 94
90 88 87
159 228 229
85 87 92
369 93 98
98 86 90
86 102 99
87 96 92
90 87 85
87 88 83
88 86 91
81 124 96
92 122 89
162 125 98
88 90 86
99 91 86
84 91 103
96 87 81
244 160 243
92 243 85
285 477 382
84 79 94
88 94 79
127 258 126
166 82 95
96 124 97
96 97 122
158 22 157
214 213 97
162 90 85
100 257 99
98 126 102
232 264 235
98 93 126
93 369 463
451 454 129
202 128 204
98 102 86
100 99 102
165 257 258
99 103 91
230 270 193
131 170 108
166 99 257
99 166 95
11 168 109
106 11 109
168 130 107
257 233 166
130 260 107
57 53 170
168 11 21
108 109 107
52 23 110
111 110 23
205 133 311
76 46 134
52 57 172
195 180 188
123 97 213
157 78 156
917 62 918
140 208 113
332 331 518
64 71 115
151 150 147
150 512 514
13 117 47
46 117 39
111 118 134
23 138 207
140 322 3
214 323 213
265 278 105
263 280 204
244 89 246
440 254 448
96 122 92
123 122 97
252 121 248
247 348 220
80 124 81
214 124 22
85 243 253
251 370 253
127 126 93
102 126 100
261 282 280
165 258 269
232 236 264
263 372 260
204 101 266
273 105 274
347 18 159
260 130 261
107 372 108
112 136 137
110 111 132
132 111 134
2 154 206
111 23 207
132 134 46
118 111 207
207 135 118
154 155 556
137 136 52
138 136 1540
137 52 172
174 181 137
1540 139 312
112 1540 136
174 173 182
238 297 186
209 208 140
140 113 212
324 208 211
208 324 113
917 142 36
114 208 209
144 143 64
147 146 143
1538 144 64
59 45 153
146 147 145
641 870 647
147 143 116
699 804 74
152 553 151
147 116 151
762 438 758
710 72 700
495 205 491
145 147 150
205 317 491
150 149 436
152 151 116
150 151 149
152 116 153
2 551 553
116 144 153
59 153 144
153 45 154
155 154 45
76 134 118
311 1541 316
321 14 33
157 156 119
157 119 158
157 22 80
227 119 212
226 158 227
228 159 0
242 159 120
244 92 89
250 251 160
123 213 216
327 220 222
90 162 98
85 125 162
252 368 444
448 371 463
281 538 287
381 545 621
272 277 256
272 237 277
167 237 240
308 486 548
230 239 270
178 179 175
109 168 107
21 130 168
232 235 101
278 230 194
108 170 53
171 170 131
174 176 173
137 172 174
57 171 172
176 174 172
178 171 131
185 196 187
176 172 171
181 182 180
1542 108 372
190 307 1539
178 176 171
310 176 175
306 196 192
197 199 386
179 178 131
176 178 175
285 382 288
300 302 298
187 190 184
137 181 112
182 181 174
112 181 180
184 182 173
189 182 1539
175 201 310
185 192 196
173 310 187
386 309 388
278 201 274
194 185 201
1539 182 184
187 196 191
173 187 184
185 194 192
193 192 194
180 182 189
183 1539 307
183 188 189
306 186 203
280 263 260
316 205 311
295 307 190
183 307 393
180 195 112
193 186 192
1540 195 139
414 401 400
188 198 195
191 306 298
187 191 190
397 188 183
189 188 180
318 195 198
199 197 307
306 191 196
193 270 238
201 185 310
191 295 190
274 179 273
238 288 296
274 175 179
265 239 230
105 278 274
193 238 186
270 288 238
278 194 201
231 466 468
133 1 311
135 133 205
556 155 118
493 2 206
138 133 207
135 207 133
114 210 208
208 210 211
37 142 209
114 209 142
916 210 114
211 210 49
215 217 325
123 216 221
113 226 227
321 212 119
97 124 214
217 216 213
158 323 22
141 323 158
217 215 216
643 919 65
217 213 141
221 216 215
218 325 141
325 219 215
218 141 226
211 326 218
219 325 326
335 219 334
220 221 222
349 350 247
222 221 215
123 221 220
326 211 433
349 327 161
74 146 699
953 1552 880
687 1025 636
689 714 703
565 569 509
344 642 341
226 113 324
141 158 226
119 227 158
113 227 212
0 84 228
84 103 229
234 376 82
95 268 103
234 233 465
229 120 159
383 265 264
300 298 203
295 191 298
271 129 523
169 375 165
272 202 280
165 375 465
265 267 239
240 282 120
296 297 238
82 233 234
240 237 272
272 280 282
179 1542 266
236 476 481
240 120 292
296 546 275
232 281 287
284 277 241
237 276 277
230 278 265
264 105 235
169 165 269
346 242 130
244 243 92
243 160 253
245 246 247
244 246 248
353 161 355
244 248 250
247 246 89
248 246 245
348 247 89
247 220 349
437 245 354
250 248 121
245 247 350
449 519 442
251 250 121
244 250 160
444 520 252
519 251 121
245 252 248
252 437 368
253 125 85
160 251 253
459 531 461
163 368 441
125 253 370
440 448 255
272 256 202
101 204 128
256 281 232
258 257 100
126 258 100
127 269 258
269 271 169
292 380 290
261 130 242
261 280 260
120 261 242
266 101 273
101 128 232
179 131 1542
95 82 379
263 262 372
548 485 104
204 262 263
93 463 127
239 285 270
204 280 202
373 271 269
128 202 256
467 469 470
128 256 232
179 266 273
285 267 164
7 582 769
288 270 285
487 409 387
292 290 167
380 103 268
479 477 480
256 277 281
165 233 257
204 266 262
105 273 235
201 175 274
276 534 294
383 164 267
167 289 276
376 234 377
284 281 277
290 379 376
194 230 193
273 101 235
237 167 276
241 277 276
265 105 264
373 269 127
120 282 261
538 281 284
272 282 240
290 283 289
383 264 236
241 276 294
536 284 241
534 276 289
483 296 288
536 241 293
476 236 287
482 483 382
232 287 236
285 239 267
477 285 164
290 289 167
473 534 283
240 292 167
268 379 290
473 377 378
378 616 473
120 229 292
380 292 229
294 293 241
598 535 599
302 309 199
294 291 598
186 297 200
299 300 301
303 547 384
299 305 302
547 484 384
300 203 301
199 295 298
780 490 729
203 186 301
302 300 299
200 275 547
200 301 186
305 308 670
298 302 199
301 303 486
486 308 299
309 386 199
305 309 302
308 305 299
305 304 309
186 306 192
306 203 298
199 307 295
307 197 393
200 303 301
624 548 104
623 385 727
399 401 392
187 310 185
310 173 176
312 1 1540
312 311 1
312 139 315
1541 315 319
318 315 139
386 390 197
314 320 416
491 492 415
139 195 318
319 315 313
1541 311 312
317 316 314
319 320 314
552 345 436
391 197 390
315 318 489
320 319 313
314 316 1541
425 413 423
317 314 416
156 321 119
322 33 3
212 321 322
33 322 321
213 323 141
22 323 214
211 218 324
226 324 218
141 325 217
326 325 218
643 68 513
337 435 331
330 327 222
330 329 327
330 333 332
330 332 328
355 357 359
245 350 354
332 333 331
329 330 328
326 433 871
337 331 334
333 330 222
707 708 804
335 222 215
334 333 335
219 326 338
331 333 334
222 335 333
219 335 215
435 518 331
645 66 749
334 219 338
702 435 647
700 433 49
338 337 334
820 815 874
435 702 518
68 643 65
710 700 49
762 578 636
700 72 871
513 342 643
717 357 358
707 224 872
341 649 344
504 507 509
1207 988 1086
493 551 2
699 146 145
130 15 346
347 15 18
159 242 347
346 347 242
122 348 89
220 348 123
327 349 220
349 161 350
353 350 161
352 354 353
358 357 329
361 363 351
363 365 439
437 441 368
355 161 329
353 351 439
353 354 350
354 352 437
357 355 329
353 355 359
1098 1173 1171
363 362 365
358 329 328
359 357 356
716 766 356
718 328 517
717 716 356
359 351 353
819 363 361
756 953 954
766 359 356
356 357 717
759 763 882
449 370 519
718 715 646
906 578 650
807 764 693
366 362 363
362 757 446
439 365 352
705 754 756
446 757 753
446 951 441
444 368 648
453 129 373
125 255 369
463 369 255
530 458 254
370 255 125
255 370 440
453 373 127
372 107 260
266 1542 262
453 127 371
129 271 373
596 584 471
231 234 466
455 522 456
465 466 234
377 234 231
376 283 290
377 231 378
283 376 377
469 468 466
475 655 545
95 379 268
82 376 379
103 380 229
290 380 268
293 595 655
477 164 480
296 275 297
164 383 236
265 383 267
484 275 546
297 275 200
389 390 388
548 624 308
400 404 406
395 403 198
487 550 490
387 488 388
402 489 403
397 395 198
388 390 386
391 390 389
389 394 391
397 393 395
394 389 396
394 399 392
197 391 393
393 391 395
389 388 488
394 398 395
391 394 395
394 392 398
407 387 409
399 396 404
188 397 198
393 397 183
402 398 392
403 398 402
394 396 399
404 401 399
407 409 405
405 1192 406
628 414 400
851 632 741
425 392 401
489 402 313
198 403 318
395 398 403
396 387 407
400 401 404
566 497 417
559 627 430
404 396 407
559 426 561
405 406 407
407 406 404
777 779 669
562 1168 573
387 388 487
410 1192 1078
782 409 781
744 564 740
684 1093 1094
418 421 417
571 408 432
673 630 672
413 679 673
423 420 422
734 635 570
425 414 413
416 419 317
551 552 149
422 421 418
418 416 320
406 410 628
418 419 416
422 420 421
417 502 418
420 498 421
494 491 317
570 635 686
497 429 432
422 418 320
559 430 412
313 427 320
425 427 402
422 320 427
402 392 425
631 680 681
498 566 421
425 401 414
425 423 427
628 730 508
498 420 672
422 427 423
402 427 313
423 413 673
408 563 12
570 571 432
685 686 735
634 429 498
681 426 496
496 833 681
502 557 419
571 570 568
497 499 417
49 433 211
434 647 435
1026 971 973
711 873 869
511 145 150
337 434 435
552 436 149
512 436 345
437 252 245
365 437 352
578 755 636
73 638 434
353 439 352
363 439 351
441 437 365
365 362 441
648 163 947
753 950 446
440 449 254
807 820 764
948 877 249
648 368 163
442 519 520
446 441 362
957 759 884
881 6 956
949 994 445
752 881 957
995 751 1132
452 448 254
371 448 451
370 449 440
580 449 442
461 531 460
524 450 462
452 451 448
451 452 454
254 458 459
452 450 454
371 451 453
129 453 451
450 459 461
544 665 618
467 374 529
522 455 523
454 524 129
523 524 770
530 254 449
450 452 459
1543 457 1546
254 459 452
531 459 458
462 651 768
719 723 771
460 7 651
450 461 462
461 460 651
448 463 255
127 463 371
456 528 374
532 583 471
165 465 233
466 465 375
470 469 375
466 375 469
601 597 527
583 468 587
529 602 587
231 468 533
470 375 169
468 469 467
525 271 455
271 525 169
374 467 470
654 653 593
525 374 470
533 468 583
291 294 534
377 473 283
473 616 291
533 378 231
594 537 595
475 381 539
476 287 538
539 540 476
478 480 481
622 477 479
620 1547 542
382 622 286
478 542 1547
541 286 622
481 480 164
541 479 1547
236 481 164
481 476 540
382 483 288
382 286 482
50 483 482
546 483 50
301 486 299
303 384 485
548 303 485
385 623 549
623 304 670
387 396 488
396 389 488
315 489 313
403 489 318
388 550 487
727 729 623
494 419 492
415 551 493
502 419 418
505 625 555
135 495 206
495 135 205
419 494 317
492 491 494
491 493 495
495 493 206
414 508 413
628 410 730
566 498 429
430 563 408
564 684 739
516 575 923
499 431 503
417 499 502
412 424 496
421 566 417
501 503 504
505 555 558
503 502 499
557 502 501
504 503 431
502 503 501
507 431 627
504 431 507
625 225 554
501 504 505
408 571 430
565 505 569
563 627 431
509 507 506
12 431 499
903 868 965
559 561 506
1095 924 574
644 515 922
707 804 649
150 436 512
1561 643 342
516 576 225
576 516 512
515 644 514
644 922 689
150 514 511
515 514 512
516 515 512
561 562 626
505 565 225
506 626 509
577 517 328
577 61 517
915 914 913
925 923 924
251 519 370
520 519 121
252 520 121
442 520 444
521 580 581
948 1545 521
169 525 470
455 271 523
524 523 129
525 455 456
524 454 450
525 456 374
456 614 528
526 610 606
583 587 527
602 604 605
654 593 259
614 456 522
474 584 590
604 374 528
613 658 606
580 530 449
1546 1545 1543
458 1544 1546
460 531 457
471 584 588
584 474 588
467 587 468
533 532 617
283 534 289
291 534 473
535 616 617
594 599 474
655 536 293
538 536 475
592 474 590
667 668 544
536 538 284
538 475 539
540 539 381
538 539 476
542 540 381
481 540 478
478 540 542
483 546 296
619 665 543
478 479 480
484 546 50
381 621 542
537 543 545
544 543 665
475 545 381
619 537 594
484 547 275
200 547 303
550 388 309
303 548 486
304 783 309
487 490 781
490 783 729
551 415 552
551 149 553
415 492 555
576 554 225
151 553 149
2 553 152
345 552 554
554 552 555
415 555 552
492 557 558
154 556 206
135 556 118
558 557 501
419 557 492
505 558 501
492 558 555
559 412 426
627 506 507
411 560 426
565 509 573
426 412 496
561 560 562
411 739 560
225 572 516
497 432 408
12 497 408
432 429 634
685 424 633
634 674 676
225 565 572
505 504 569
686 635 735
573 572 565
680 428 564
430 571 568
424 412 633
633 412 430
572 575 516
509 569 504
561 426 560
497 12 499
431 12 563
562 573 509
567 1096 575
572 573 567
1094 1093 1092
968 1090 1091
567 575 572
575 574 923
512 345 576
576 345 554
332 577 328
687 636 909
73 640 638
919 643 70
514 642 511
756 650 705
581 580 442
530 580 521
442 444 648
447 650 756
773 652 771
719 768 769
596 597 589
533 583 532
617 588 535
668 621 543
471 588 532
599 588 474
602 529 604
590 591 585
529 587 467
527 471 583
721 657 656
471 597 596
591 590 584
592 590 585
596 591 584
653 591 589
654 666 585
665 666 618
537 545 655
654 591 653
474 592 594
598 595 293
599 595 598
597 471 527
591 596 589
602 601 527
656 601 607
294 598 293
598 291 616
599 535 588
594 595 599
600 605 606
600 607 601
527 587 602
600 658 607
529 374 604
601 602 605
653 589 657
597 656 589
528 526 604
605 600 601
604 526 605
606 605 526
825 664 613
658 1548 603
658 613 660
607 603 656
606 610 613
726 660 664
776 663 725
613 610 825
610 526 611
664 660 613
720 528 614
652 611 720
658 600 606
656 657 589
660 726 661
603 607 658
768 719 770
522 771 614
723 719 769
526 720 611
617 616 378
598 616 535
533 617 378
588 617 532
619 543 537
666 619 592
592 619 594
619 666 665
620 279 1547
621 620 542
543 621 545
620 621 668
477 622 382
541 622 479
669 727 728
670 308 624
104 549 624
623 624 549
225 625 505
554 555 625
561 626 506
562 509 626
430 627 563
506 627 559
414 628 508
406 628 400
888 405 409
790 845 800
730 677 508
432 634 570
685 735 796
833 834 631
428 743 740
851 1021 632
430 568 633
685 633 568
674 498 672
630 676 674
678 734 570
847 848 801
638 641 647
704 690 641
811 873 698
872 224 746
690 637 641
935 929 931
343 341 639
693 691 688
807 688 748
909 906 223
689 341 644
639 711 224
970 687 969
223 749 66
764 820 874
755 909 636
342 691 693
1249 1240 1248
645 579 646
911 223 66
646 579 716
646 717 718
916 918 710
518 577 332
950 753 952
442 648 581
642 644 341
759 882 884
953 1555 1552
948 581 949
461 651 462
772 722 464
721 656 603
593 653 586
654 259 666
591 654 585
655 475 536
537 655 595
656 597 601
472 659 721
721 1548 472
657 586 653
660 661 1549
661 608 1549
721 603 1548
586 657 659
608 612 1549
658 660 1549
724 775 464
726 776 1550
661 726 1551
611 464 775
1550 8 662
662 608 1551
611 775 610
666 592 585
259 618 666
544 668 543
279 620 667
667 620 668
780 778 781
669 729 727
670 304 305
624 623 670
1192 1141 1078
731 677 671
673 672 420
674 672 630
423 673 420
413 508 679
676 677 733
498 674 634
732 675 733
676 678 634
677 676 630
676 675 678
677 630 737
671 629 731
835 786 833
570 634 678
737 508 677
630 673 679
681 680 411
848 680 631
426 681 411
835 424 794
743 852 740
849 853 742
631 681 833
740 741 744
411 680 564
1091 632 1021
686 685 568
735 635 787
570 686 568
1094 739 684
339 1558 1557
707 649 343
1217 813 809
920 921 987
711 696 224
927 926 701
1036 985 915
746 748 688
816 938 713
815 70 874
640 704 638
693 764 1561
639 224 343
869 873 813
698 639 697
928 930 910
811 695 1210
342 510 691
746 694 750
61 701 926
758 761 1555
699 344 649
990 816 939
701 61 908
73 338 871
822 749 706
872 688 691
695 697 703
872 708 707
870 701 908
874 1561 764
1557 712 1559
713 937 817
696 810 694
649 341 343
72 912 871
871 338 326
821 822 823
907 715 61
756 754 953
746 750 748
906 367 706
808 869 813
704 641 638
577 518 702
513 510 342
873 811 813
969 687 909
694 746 696
1003 682 1001
763 759 366
706 749 223
811 809 813
339 761 1220
510 708 691
438 762 709
1404 1175 1346
646 715 645
366 757 362
821 767 716
718 717 358
716 717 646
328 718 358
715 718 517
723 582 615
770 719 771
528 720 526
614 652 720
8 1550 725
611 772 464
771 723 773
726 609 776
659 657 721
773 615 722
609 726 664
663 774 724
777 728 177
780 729 669
783 490 550
727 385 728
623 729 304
730 410 1078
677 730 671
732 731 629
676 733 675
889 732 629
1001 964 902
677 731 733
732 733 731
830 678 675
564 739 411
635 734 736
829 736 734
829 734 830
852 803 855
630 679 737
508 737 679
736 790 787
849 959 853
708 872 691
847 743 848
744 741 632
794 796 788
740 564 428
856 847 742
1093 744 632
859 854 856
787 635 736
73 912 640
853 858 859
564 744 684
1003 1017 1023
210 916 49
697 695 698
747 913 921
694 692 750
966 1012 1003
1210 695 805
645 749 579
517 61 715
942 941 939
1306 875 810
705 762 758
645 907 66
364 1553 1554
759 818 757
818 753 757
645 715 907
695 703 805
880 1047 995
1102 1104 1182
707 343 224
758 754 705
636 709 762
366 759 757
956 753 818
763 366 819
870 702 647
763 883 882
762 705 578
1552 1555 1554
906 650 367
761 760 1555
641 637 701
339 760 761
766 361 359
763 766 767
936 929 935
697 341 689
69 1558 339
767 766 716
819 766 763
821 716 579
821 823 885
462 768 524
769 768 651
7 769 651
723 769 582
523 770 522
768 770 524
614 771 652
771 522 770
611 652 772
773 772 652
615 773 723
772 773 722
776 774 663
664 825 609
724 774 775
774 609 825
725 1550 776
776 609 774
996 779 999
669 728 777
900 899 898
1147 1053 1140
1142 888 782
409 487 781
669 779 780
778 782 781
490 780 781
778 780 779
177 997 999
409 782 888
309 783 550
304 729 783
1138 998 1134
1000 1311 900
831 785 830
797 799 897
735 791 788
837 892 834
897 799 800
795 841 789
795 836 841
795 789 791
735 787 791
787 790 795
1556 845 829
791 787 795
962 797 897
793 791 789
791 793 788
793 786 794
842 798 738
794 788 793
799 795 790
796 794 424
836 795 799
685 796 424
788 796 735
845 790 736
500 896 962
841 798 842
842 844 789
800 799 790
799 797 836
831 832 1556
898 897 800
786 837 834
10 850 853
852 741 740
73 434 337
901 851 741
901 852 855
854 852 743
698 695 811
922 925 714
807 693 688
1306 810 808
765 747 812
1111 703 714
703 697 689
641 701 870
692 694 810
750 692 945
816 820 807
876 1041 945
869 808 810
876 945 875
1087 1086 988
1561 874 70
990 765 812
820 816 812
912 914 640
914 915 985
1041 817 945
810 696 869
939 816 713
820 747 815
808 813 1217
692 810 875
70 920 918
766 819 361
363 819 366
812 747 820
748 750 937
579 822 821
706 823 822
749 822 579
823 706 367
447 756 954
823 886 885
883 767 885
1191 1131 995
610 775 825
774 825 775
778 996 782
996 778 779
827 1142 1565
1136 1134 1050
828 900 890
830 734 678
829 785 1556
831 830 675
829 830 785
675 732 831
732 890 831
890 732 889
1088 1167 1198
835 496 424
834 833 786
838 837 786
834 801 848
786 835 794
496 835 833
959 893 960
961 837 838
838 786 793
961 895 839
844 793 789
960 892 839
836 792 798
892 837 839
836 798 841
738 843 895
738 895 842
789 841 842
840 839 843
844 895 961
793 844 838
845 736 829
832 800 845
898 800 832
898 832 900
848 743 428
847 801 893
680 848 428
834 848 631
834 892 801
893 742 847
852 854 803
863 862 860
802 864 858
1002 1005 966
743 856 854
850 858 853
803 860 862
851 855 964
847 856 743
859 742 853
866 864 865
803 854 860
802 858 850
859 858 857
859 857 860
859 856 742
859 860 854
863 861 862
868 967 867
862 903 803
863 860 857
861 868 862
857 864 863
861 863 866
858 864 857
683 1019 866
864 866 863
864 802 865
683 866 865
967 868 1018
1130 1189 946
861 1019 1018
868 867 965
872 746 688
873 711 698
639 698 711
804 708 510
699 649 804
145 344 699
341 697 639
696 711 869
746 224 696
807 748 938
1075 1072 814
875 814 876
1033 1031 992
445 877 949
249 1545 948
648 947 581
950 951 446
956 952 753
1131 885 886
957 884 752
995 886 954
883 763 767
882 824 884
767 821 885
824 882 883
1049 884 824
447 367 650
823 367 447
824 883 885
1142 782 998
886 823 447
999 958 996
405 888 827
1151 889 629
890 889 828
1000 900 828
890 832 831
1579 900 1311
898 846 897
839 895 843
893 849 742
801 892 893
840 960 839
10 959 894
893 892 960
842 895 844
792 836 896
896 836 797
962 897 846
900 832 890
1295 1296 1276
852 901 741
846 898 899
899 1579 1580
1069 1199 1054
855 803 903
855 851 901
902 1002 1001
868 903 862
903 902 964
1312 1205 745
1004 1006 1562
964 1001 682
925 1037 714
223 906 706
578 906 755
926 907 61
907 336 66
577 702 908
908 702 870
906 909 755
969 909 223
336 907 926
931 934 927
928 911 336
911 910 969
871 912 73
72 987 914
72 710 987
747 765 983
72 914 912
983 913 747
1029 765 806
640 985 704
917 916 114
916 917 918
142 917 114
67 917 36
62 919 918
920 70 815
65 919 62
70 918 919
921 920 815
710 918 920
747 921 815
914 987 913
923 922 515
714 689 922
923 515 516
923 574 924
1090 968 905
1038 988 1037
923 925 922
1037 925 924
927 701 637
336 926 928
931 927 637
928 910 911
927 934 926
933 934 931
989 935 931
974 973 971
974 971 930
930 971 910
989 637 690
933 931 929
704 985 986
713 942 939
933 929 976
933 930 934
930 928 934
926 934 928
989 931 637
936 935 932
944 806 941
709 1171 438
748 937 713
945 937 750
713 938 748
816 807 938
1040 942 713
990 806 765
1040 1112 940
806 939 941
1117 941 1114
1114 941 940
1040 713 817
940 941 942
1040 991 1112
978 972 976
1099 932 1033
765 1029 1036
945 817 937
875 945 692
1121 1185 1184
876 814 1043
951 947 163
947 878 949
521 581 948
581 947 949
949 878 994
877 948 949
994 879 445
950 994 951
947 951 878
441 951 163
6 879 952
950 952 879
953 754 1555
954 953 880
1552 1047 880
954 886 447
995 954 880
1191 995 1132
956 6 952
818 759 957
881 956 957
818 957 956
1164 1052 1133
996 998 782
853 959 10
893 959 849
840 894 960
960 894 959
837 961 839
844 961 838
962 846 1580
896 797 962
828 1150 1000
1567 1571 1566
851 964 682
903 964 855
1002 965 867
903 965 902
1002 1006 1005
867 1006 1002
1018 868 861
1004 1562 1007
968 1021 1022
905 1087 1038
911 969 223
970 969 910
970 910 971
687 970 975
976 974 930
974 976 972
1100 1101 992
1237 982 1183
1590 1218 1182
709 636 1025
930 933 976
1104 1102 1176
970 1026 975
974 972 973
936 979 929
1102 978 979
936 1099 1101
1344 1346 1342
979 978 976
1327 1174 1187
929 979 976
936 1101 1102
982 1329 1375
1171 1173 1175
1034 1251 1254
1106 1103 982
1240 1342 1341
1222 1026 973
1036 983 765
913 983 915
1030 944 1031
932 1108 1033
914 985 640
985 1036 986
1031 1033 1109
690 704 986
920 987 710
913 987 921
1003 1012 1016
1037 1039 1111
1108 989 690
935 989 932
816 990 812
806 990 939
991 1041 1046
1112 1114 940
1032 1031 944
1110 992 1032
1072 1129 1189
1130 1045 1046
951 994 878
879 994 950
177 999 777
955 751 995
998 996 958
887 1051 997
999 997 1051
1051 1052 958
1052 1134 958
999 779 777
1053 1195 1145
963 1000 1152
902 965 1002
1003 1001 966
1006 1004 1005
966 1001 1002
1005 1010 966
905 1023 1017
1011 1004 1066
1314 1084 1085
1011 1009 1010
1011 1005 1004
967 1562 867
1089 1564 1088
1562 967 1563
1066 1069 1055
1066 1004 1069
1128 1157 1077
1056 1015 1009
1010 1012 966
1011 1010 1005
1010 1009 1012
1007 1069 1004
1008 1009 1011
1015 1012 1009
1017 1016 1014
1058 1060 1062
1039 1165 805
1016 1015 1081
1081 1083 1014
1056 1009 1008
1081 1015 1013
1015 1016 1012
1014 1087 1017
1023 905 968
1003 1016 1017
861 866 1019
1018 1019 1089
1022 1021 851
1018 1089 967
1091 1021 968
683 1020 1564
682 1003 1022
851 682 1022
968 1022 1023
1003 1023 1022
1169 1092 1024
573 1168 567
687 975 1025
1025 975 1178
971 1026 970
972 1218 1177
1218 1221 1105
1171 1178 1098
980 1244 1172
1028 1254 1255
1030 806 944
1029 984 1036
1032 944 1117
984 1029 1030
992 1099 1033
984 1030 1031
1035 1032 943
992 1031 1032
932 989 1108
984 1109 986
1116 1121 1042
1182 1218 978
1115 1180 1116
1110 1035 981
915 983 1036
984 986 1036
1038 1037 924
1039 1037 988
1095 1038 924
1038 1024 1090
1087 1083 1086
1111 805 703
942 1040 940
1041 1040 817
1046 1041 876
1040 1041 991
1045 991 1046
1113 1116 1042
1072 1043 814
1046 1043 993
1062 1056 1058
1126 1120 1123
1113 1118 1116
991 1113 1112
1043 1046 876
1046 993 1130
443 955 1047
995 1047 955
752 1159 1048
1159 884 1049
1191 824 1131
1159 1191 1048
1147 1140 1148
1193 1567 963
1052 1051 887
999 1051 958
1164 1133 826
1052 1050 1134
671 730 1078
1139 1140 1135
824 1191 1049
1236 1158 1188
1219 1105 1097
1225 1226 1059
1058 1056 1008
1015 1056 1062
1061 1058 1063
1057 1058 1061
1224 1067 1320
1058 1057 1060
1319 1067 1074
1481 1373 1443
1363 1415 1416
1211 1215 1209
1063 1058 1008
1127 1187 1068
1060 1013 1062
1015 1062 1013
1008 1065 1063
1063 1065 1067
1227 1228 1370
1048 1191 1132
1011 1065 1008
1067 1065 1055
1055 1065 1066
1011 1066 1065
1054 1074 1055
1067 1055 1074
1128 1079 1186
1187 1174 1107
1007 1197 1069
1054 1201 1418
1360 1071 1279
1156 1230 1234
1273 1275 1272
1128 1126 1157
1577 1575 1571
1052 1164 1050
1156 1235 1322
1318 1072 1316
1054 1055 1069
1186 1079 1158
1238 1284 1285
629 1163 1145
1061 1224 1225
1061 1063 1224
1073 1262 1071
1442 1480 1357
1127 1068 1153
1128 1120 1126
1076 1127 1286
1293 1274 1160
1366 1303 1305
410 406 1192
1081 1084 1083
1016 1081 1014
1083 1084 1082
1207 1165 1039
1084 1081 1013
1086 1083 1082
1060 1085 1013
1084 1013 1085
1186 1158 1124
1165 1207 1313
1313 1207 1082
1038 1087 988
1017 1087 905
1083 1087 1014
1020 904 1166
1167 1088 1166
1564 1089 1019
1089 1088 1563
1038 1090 905
1090 1024 1091
1092 1091 1024
744 1093 684
1095 1096 1169
562 560 1094
632 1091 1093
1092 1093 1091
562 1094 1092
739 1094 560
1096 1095 574
1038 1095 1024
575 1096 574
1096 567 1168
1097 1105 1221
1245 1248 1240
1261 1356 1354
1177 973 972
1110 1100 992
932 1099 936
1336 1479 1441
979 936 1102
992 1101 1099
1102 1101 1100
1028 1104 1176
1100 1176 1102
1035 1179 1034
1098 1341 1173
981 1028 1176
1337 1170 980
1174 1327 1333
981 1034 1254
1172 1103 1106
1107 1329 982
1245 1247 1219
1337 980 1375
690 986 1108
1109 1108 986
1031 1109 984
1108 1109 1033
1032 1035 1110
1035 1034 981
1037 1111 714
805 1111 1039
1113 991 1045
1114 1112 1042
1116 1118 1115
1042 1112 1113
1184 1114 1042
1117 1114 943
1122 1115 1118
1251 1256 1244
1118 1113 1045
1121 1116 1180
1032 1117 943
941 1117 944
1130 1118 1045
1118 1123 1122
1115 1181 1180
1253 1103 1172
1123 1364 1126
1115 1122 1124
1121 1119 1179
1121 1179 1185
1123 1118 946
1124 1122 1120
1189 1129 1364
1120 1122 1123
1120 1128 1186
1181 1253 1180
1281 1268 1271
1237 1183 1236
1364 1123 946
1126 1125 1157
1270 1504 1466
1178 1222 1098
1157 1263 1262
1073 1153 1079
993 1043 1072
1303 1304 1318
1189 1130 993
1118 1130 946
885 1131 824
995 1131 886
1139 1135 1136
1132 751 1048
1052 887 1133
958 1134 998
1146 1145 1141
1136 1138 1134
1307 1139 1136
1136 1135 1138
1574 1584 1588
1583 1310 1309
1138 1135 1146
1142 1138 1565
1307 1136 1050
1140 1139 1137
1140 1137 1148
1140 1053 1144
1144 1135 1140
1078 1163 671
888 1142 827
998 1138 1142
1148 1149 1573
1077 1079 1128
1145 1144 1053
1146 1144 1145
1195 1150 1151
1163 629 671
1146 1141 1565
1135 1144 1146
1143 1193 1147
1152 1000 1150
1148 1137 1308
1147 1148 1143
1050 1164 1162
1588 1584 1080
828 889 1151
1152 1053 1147
1195 629 1145
828 1151 1150
1053 1152 1150
1193 1152 1147
1202 1199 784
1311 1569 1196
1226 1156 1059
1199 1069 1197
1194 1143 1573
1579 1578 1580
1125 1161 1157
1423 1202 1206
1141 1163 1078
1279 1071 1265
1276 1296 1235
1072 1189 993
1148 1308 1149
1075 814 1306
1303 1161 1125
1310 1164 826
809 1215 1217
1141 1145 1163
1192 827 1565
1191 1159 1049
1188 1068 1187
884 1159 752
1307 1137 1139
1313 1082 1314
805 1165 1209
1167 1166 904
1564 1166 1088
1312 745 1204
1197 1198 784
562 1092 1168
1168 1092 1169
1095 1169 1024
1168 1169 1096
1172 1252 1253
1172 1106 980
1178 1171 709
1326 1222 973
1452 1347 1450
1175 438 1171
1242 980 1170
1222 1247 1098
1242 1243 1257
980 1242 1244
1182 1104 1590
1220 1175 1456
975 1222 1178
972 978 1218
1177 1219 1326
1177 1105 1219
1025 1178 709
975 1026 1222
1035 943 1185
982 1103 1183
1181 1115 1124
1119 1121 1180
1236 1183 1181
1124 1236 1181
1250 1097 1221
1187 1107 1237
1124 1120 1186
1239 1257 1254
1114 1184 943
1042 1121 1184
1035 1185 1179
943 1184 1185
1158 1068 1188
1235 1156 1234
1127 1076 1187
1079 1153 1068
1057 1061 1059
1077 1157 1262
1262 1263 1071
405 827 1192
1079 1077 1073
1072 1075 1316
1364 1129 1304
1068 1158 1079
1152 1193 963
1193 1143 1567
1576 1194 1573
1586 1583 1584
1150 1195 1053
629 1195 1151
1000 1569 1311
1570 1578 1196
1198 1197 1007
1197 784 1199
1198 1007 1563
784 1198 1167
745 1200 1206
1054 1199 1201
1525 1527 1362
1369 1468 1425
1202 1201 1199
1203 1424 1200
1204 1202 784
1204 1206 1202
1425 1426 1435
1204 745 1206
1312 784 1167
988 1207 1039
1368 1213 1214
1167 904 1205
1082 1207 1086
809 811 1210
1165 1211 1209
1213 1215 1211
805 1209 1210
809 1210 1209
1313 1211 1165
1211 1208 1213
1315 1213 1208
1216 1317 1316
1213 1315 1214
1213 1212 1215
1302 1294 1413
1322 1059 1156
1215 1212 1216
1209 1215 809
1299 1044 1317
1217 1075 808
1215 1216 1217
1075 1217 1216
1329 1174 1330
1102 1182 978
1219 1097 1245
1477 1478 1510
339 1220 69
438 1175 1220
1103 1181 1183
1105 1177 1218
982 1237 1107
1110 981 1100
1417 1319 1074
1223 1228 1226
1067 1224 1063
1225 1224 1223
1225 1223 1226
1061 1225 1059
1371 1370 1228
1226 1231 1230
1302 1413 1363
1230 1156 1226
1224 1320 1223
1231 1229 1230
1229 1231 1321
1071 1263 1265
1231 1226 1228
1229 1289 1234
1227 1321 1228
1229 1321 1233
1534 1293 1160
1264 1581 1267
1428 1438 1433
1271 1274 1269
1229 1234 1230
1235 1234 1232
1276 1267 1295
1323 1296 1302
1158 1236 1124
1237 1236 1188
1188 1187 1237
981 1176 1100
1292 1279 1265
1268 1264 1275
1348 1349 1250
1119 1252 1256
1394 1389 1393
1104 1028 1259
1261 1354 1258
1243 1242 1170
1242 1239 1244
1335 1328 1331
1590 1221 1218
1244 1239 1251
1252 1244 1256
1097 1349 1248
1247 1245 1240
1246 1349 1348
1387 1392 1398
1247 1240 1341
1247 1222 1326
1097 1248 1245
1249 1248 1246
1378 1377 1246
1448 1451 1453
1259 1353 1590
1250 1241 1348
1254 1251 1239
1256 1034 1179
1253 1252 1119
1172 1244 1252
1180 1253 1119
1103 1253 1181
1254 1257 1255
981 1254 1028
1255 1243 1260
1028 1255 1259
1034 1256 1251
1179 1119 1256
1242 1257 1239
1243 1255 1257
1258 1260 1261
1250 1352 1241
1260 1259 1255
1353 1259 1260
1261 1260 1243
1260 1258 1353
1170 1338 1340
1351 1502 1464
1077 1262 1073
1263 1157 1161
1064 1266 1161
1581 1265 1266
1160 1297 1290
1603 1274 1293
1266 1265 1263
1278 1277 1232
1161 1266 1263
1064 1267 1581
1288 1232 1277
1288 1276 1235
1297 1291 1278
1295 1064 1365
1281 1271 1269
1281 1602 1284
1271 1275 1273
1292 1265 1264
1272 1267 1276
1073 1361 1153
1275 1264 1272
1291 1271 1273
1297 1289 1290
1273 1277 1278
1271 1268 1275
1238 1279 1292
1272 1264 1267
1281 1284 1238
1273 1272 1277
1044 1305 1303
1288 1272 1276
1289 1278 1232
1291 1160 1274
1358 1238 1285
1357 1359 1442
1290 1298 1160
1282 1601 1604
1284 1602 1283
1238 1268 1281
1466 1503 1270
1601 1582 1604
1424 1468 1419
1602 1281 1269
1285 1284 1283
1443 1286 1442
1357 1360 1359
1480 1127 1153
1443 1373 1286
1317 1367 1299
1214 1085 1363
1232 1288 1235
1272 1288 1277
1234 1289 1232
1289 1229 1290
1229 1233 1290
1529 1412 1430
1271 1291 1274
1273 1278 1291
1264 1268 1292
1238 1292 1268
1160 1298 1534
1293 1280 1603
1294 1367 1368
1302 1300 1294
1064 1295 1267
1296 1295 1287
1300 1296 1287
1300 1302 1296
1291 1297 1160
1289 1297 1278
1233 1227 1431
1434 1519 1521
1316 1317 1044
1530 1534 1298
1365 1287 1295
1294 1300 1299
1532 1290 1233
1300 1287 1299
1304 1303 1125
1059 1322 1416
1044 1299 1305
1125 1126 1364
1304 1129 1318
1365 1299 1287
1161 1366 1064
875 1306 814
808 1075 1306
1050 1162 1307
1137 1307 1162
1137 1162 1308
1310 1583 1162
1310 1162 1164
1308 1583 1149
1309 1080 1583
1310 826 1309
1569 1000 963
1311 1196 1579
784 1312 1204
1167 1205 1312
1314 1082 1084
1211 1313 1208
1315 1314 1085
1313 1314 1208
1314 1315 1208
1085 1214 1315
1318 1316 1044
1075 1216 1316
1216 1212 1317
1367 1317 1212
1318 1044 1303
1072 1318 1129
1369 1417 1418
1228 1223 1371
1067 1319 1320
1320 1319 1371
1228 1321 1231
1227 1233 1321
1235 1323 1322
1302 1363 1416
1296 1323 1235
1416 1323 1302
1342 1346 1173
1345 1343 1344
1327 1187 1076
1336 1327 1076
1177 1326 973
1247 1326 1219
1460 1463 1461
1333 1477 1331
1331 1328 1330
1174 1329 1107
1328 1337 1375
1479 340 1372
1328 1329 1330
1338 1335 1334
1331 1330 1333
1174 1333 1330
1332 1514 1335
1461 1493 1462
1476 1477 1333
1170 1340 1243
1332 1335 1331
1335 1338 1337
1076 1286 1373
1442 1286 1480
1375 980 1106
1335 1337 1328
1340 1338 1457
1170 1337 1338
1492 1513 1514
1243 1376 1261
1457 1338 1334
1340 1339 1376
1247 1341 1098
1342 1240 1249
1342 1249 1344
1173 1341 1342
1377 1445 1246
1404 1343 1347
1345 1344 1249
1344 1343 1346
1486 1485 1487
1398 1406 1345
1347 1343 1405
1175 1173 1346
1347 1405 1450
1404 1456 1175
1356 1460 1465
1348 1241 1351
1248 1349 1246
1250 1349 1097
1451 1448 1407
1445 1345 1249
1241 1352 1354
1350 1380 1351
1250 1221 1590
1354 1352 1258
1258 1352 1353
1352 1250 1590
1408 1459 1409
1465 1502 1354
1408 1409 1457
1460 1461 1410
1409 1356 1261
1356 1459 1460
1361 1071 1360
1358 1279 1238
1359 1358 1285
1360 1358 1359
1270 1411 1504
1466 1504 1285
1360 1357 1361
1279 1358 1360
1153 1361 1357
1071 1361 1073
1422 1427 1431
1429 1436 1362
1085 1060 1414
1057 1415 1060
1189 1364 946
1125 1364 1304
1366 1365 1064
1299 1365 1305
1303 1366 1161
1365 1366 1305
1368 1367 1212
1299 1367 1294
1213 1368 1212
1368 1214 1413
1418 1419 1369
1362 1529 1430
1420 1319 1417
1425 1420 1369
1320 1371 1223
1370 1371 1319
1325 1476 1372
1476 1441 1479
1190 1482 1444
1336 1076 1373
982 1375 1106
340 1481 1374
1328 1375 1329
1340 1376 1243
1409 1376 1339
1246 1348 1378
1351 1380 1378
1348 1351 1378
1387 1385 1382
1383 1380 1350
1380 1377 1378
1402 1488 1397
1384 1377 1380
1487 1388 1483
1390 1386 1387
1384 1385 1377
1350 1501 1383
1446 1396 1451
1383 1384 1380
1385 1384 1382
1382 1388 1387
1385 1345 1445
1403 1399 1391
1345 1385 1398
1483 1382 1383
1387 1386 1392
1483 1388 1382
1388 1391 1390
1389 1392 1393
1406 1394 1324
1387 1388 1390
1487 1484 1447
1399 1402 1397
1390 1391 1399
1393 1392 1386
1389 1406 1398
1397 1393 1386
1406 1324 1405
1453 1591 148
1394 1446 1324
1453 1454 1448
1446 1381 1396
1397 1594 1393
1591 1453 1396
1386 1390 1399
1399 1397 1386
1387 1398 1385
1389 1398 1392
1449 1395 1520
1449 1399 1403
1489 1593 1381
1490 1511 5
1379 1401 1403
1446 1594 1381
1379 1403 1391
1401 1395 1449
1343 1404 1346
1347 1452 1456
1406 1405 1343
1450 1405 1324
1345 1406 1343
1394 1406 1389
1450 1324 1451
1560 1557 1455
1523 1514 1332
1408 1457 1513
1376 1409 1261
1409 1339 1457
1400 1489 1490
1351 1464 1350
1411 1190 1444
1443 1442 1444
1420 1422 1370
1537 1528 1535
1368 1413 1294
1214 1363 1413
1415 1414 1060
1363 1085 1414
1415 1057 1416
1414 1415 1363
1059 1416 1057
1323 1416 1322
1418 1417 1074
1420 1417 1369
1054 1418 1074
1418 1201 1419
1423 1201 1202
1423 1206 1424
1422 1420 1425
1319 1420 1370
1424 1426 1468
1430 1429 1362
1427 1422 1421
1227 1370 1422
1206 1200 1424
1201 1423 1419
1070 1472 1432
1419 1423 1424
1369 1419 1468
1421 1422 1425
1524 4 1518
1508 1437 1472
1427 1421 1429
1431 1427 1412
1426 1471 1437
1203 1432 1507
1470 1433 1435
1429 1421 1433
1412 1427 1430
1429 1430 1427
1431 1412 1531
1422 1431 1227
1435 1433 1421
1438 1469 1436
1438 1436 1429
1438 1428 1440
1505 1506 1434
1425 1435 1421
1435 1426 1437
1438 1429 1433
1506 1475 1474
1426 1424 1471
1070 1508 1472
1470 1437 1508
1439 1440 1509
1519 1506 1474
1509 1428 1508
1596 1438 1440
1333 1327 1441
1336 1441 1327
1374 1482 1190
1482 1481 1443
1517 1442 1359
1411 1444 1504
1246 1445 1249
1385 1445 1377
1410 1461 1462
1489 1381 1488
1393 1446 1394
1383 1382 1384
1401 1449 1403
1399 1449 1402
1324 1446 1451
1452 1450 1407
1453 1451 1396
1407 1450 1451
1455 1452 1407
1452 69 1456
1381 1593 1591
1512 360 1560
1407 1448 1512
1453 148 1454
1512 1560 1455
1456 69 1220
1347 1456 1404
1340 1457 1339
1513 1457 1334
1493 1461 1494
1494 1496 1493
1409 1459 1356
1497 1355 1500
1458 1463 1459
1460 1410 1465
1458 1459 1408
1462 1350 1464
1459 1463 1460
1516 1498 1484
1496 1494 1499
1351 1241 1502
1462 1464 1410
1465 1354 1356
1410 1464 1465
1283 1503 1285
1601 1467 1503
1425 1468 1426
1467 1270 1503
1491 1520 1395
1434 1521 1525
1433 1470 1428
1435 1437 1470
1507 1424 1203
1471 1507 1472
1434 1436 1469
1471 1472 1437
1475 1597 1518
1428 1470 1508
1474 1301 1519
1439 1595 1440
1438 1596 1469
1477 1476 1325
1441 1476 1333
1510 1478 977
1477 1332 1331
1479 1336 1481
1477 1325 1478
1476 1479 1372
1127 1480 1286
1153 1357 1480
1479 1481 340
1481 1336 1373
1481 1482 1374
1444 1482 1443
1484 1483 1383
1486 1487 1447
1516 1383 1501
1498 1027 1495
1391 1485 1379
1485 1391 1388
1483 1484 1487
1379 1485 1486
1487 1485 1388
1491 1511 1520
1594 1488 1381
1488 1402 1511
1449 1520 1402
1499 1500 1355
1511 1490 1489
1512 1454 360
1408 1513 1458
1463 1458 1494
1027 1498 1493
1484 1498 1495
1027 1493 1496
1447 1484 1495
1498 1462 1493
1515 1497 1500
1499 1458 1500
1463 1494 1461
1499 1494 1458
1496 1499 1355
1458 1492 1500
1515 1500 1492
1350 1462 1501
1462 1498 1516
1354 1502 1241
1464 1502 1465
1285 1503 1466
1503 1283 1601
1517 1444 1442
1285 1504 1359
1506 1505 1597
1434 1469 1505
1472 1507 1432
1424 1507 1471
1070 1473 1508
1509 1508 1473
1439 1509 1473
1428 1509 1440
977 1515 1523
1477 1510 1332
1511 1489 1488
5 1511 1491
1407 1512 1455
1454 1512 1448
1514 1513 1334
1458 1513 1492
1335 1514 1334
1523 1332 1510
1492 1514 1523
977 1497 1515
1383 1516 1484
1462 1516 1501
1359 1504 1517
1444 1517 1504
1596 1505 1469
1439 1524 1595
1537 1527 1521
1506 1519 1434
1600 1599 1533
1362 1527 1529
1527 1537 1535
1436 1525 1362
977 1523 1510
1511 1402 1520
1492 1523 1515
1524 1518 1595
4 1475 1518
1434 1525 1436
1527 1525 1521
1293 1534 1280
1298 1532 1530
1301 1537 1519
1527 1526 1529
1528 1536 1535
1535 1526 1527
1530 1529 1526
1431 1531 1233
1526 1533 1534
1530 1532 1531
1412 1529 1531
1530 1531 1529
1290 1532 1298
1233 1531 1532
1535 1536 1526
1280 1533 1599
1526 1534 1530
1534 1533 1280
1536 1528 1522
1522 1600 1536
1533 1526 1536
1519 1537 1521
1528 1537 1301
144 1538 59
68 1538 64
189 1539 183
184 190 1539
138 1540 1
195 1540 112
315 1541 312
314 1541 319
108 1542 131
262 1542 372
531 458 1546
1544 458 530
521 1544 530
1545 1544 521
249 1543 1545
531 1546 457
1545 1546 1544
541 1547 279
478 1547 479
612 472 1548
612 1548 1549
1549 1548 658
1550 662 1551
661 1551 608
1550 1551 726
1552 443 1047
1553 443 1552
1557 760 339
1554 760 1559
1553 1552 1554
1555 754 758
760 1554 1555
831 1556 785
832 845 1556
1559 712 364
1452 1558 69
1455 1557 1558
1554 1559 364
760 1557 1559
360 712 1560
1557 1560 712
643 1561 70
693 1561 342
867 1562 1006
967 1089 1563
1198 1563 1088
1007 1562 1563
683 1564 1019
1166 1564 1020
1146 1565 1138
1192 1565 1141
1570 1154 1578
1570 1568 1154
1567 1143 1194
963 1567 1566
963 1566 1569
1566 891 1568
1568 1569 1566
1196 1569 1570
1568 1570 1569
1583 1308 1162
891 1566 1571
1571 1575 891
1149 1586 1576
1148 1573 1143
1574 1577 1576
1567 1194 1571
1149 1576 1573
1577 1571 1194
1574 1589 1577
1575 1577 1572
1194 1576 1577
1154 500 1578
1580 500 962
1579 899 900
1196 1578 1579
899 1580 846
1578 500 1580
1265 1581 1264
1064 1581 1266
1603 1582 1602
1280 1599 1605
1584 1583 1080
1585 9 1587
1586 1584 1574
1576 1586 1574
1080 1585 1588
1583 1586 1149
9 1572 1587
1572 1589 1587
1585 1587 1588
1574 1588 1587
1577 1589 1572
1574 1587 1589
1259 1590 1104
1352 1590 1353
1381 1591 1396
148 1591 1592
1593 1489 1400
1400 1592 1593
1591 1593 1592
1393 1594 1446
1488 1594 1397
1518 1597 1596
1440 1595 1596
1518 1596 1595
1506 1597 1475
1596 1597 1505
1536 1600 1533
1605 1599 1155
1600 1522 1598
1599 1598 1155
1599 1600 1598
1601 1282 1467
1602 1601 1283
1603 1602 1269
1602 1582 1601
1603 1269 1274
1605 1603 1280
1155 1604 1605
1582 1603 1605
1582 1605 1604
