11 70 21
95 93 35
37 39 4
28 26 27
26 19 2
103 140 138
105 113 109
253 491 220
507 272 499
231 716 715
72 80 1475
483 0 217
498 518 524
309 301 311
868 870 888
32 44 22
494 486 268
237 243 164
232 23 164
25 24 4
123 178 173
71 170 0
68 25 15
18 235 222
69 37 19
22 19 28
38 3 4
94 49 3
36 25 3
69 483 209
76 209 78
247 250 241
15 36 131
38 120 58
93 141 96
94 1 59
28 53 32
76 2 24
26 39 33
38 2 77
175 41 180
74 179 40
455 449 450
713 828 440
56 71 15
141 62 51
110 151 145
152 150 137
156 108 55
27 59 53
83 97 95
136 45 134
139 186 109
49 143 36
165 206 815
48 142 117
44 115 57
113 56 139
33 95 94
96 49 35
136 63 143
73 109 111
45 116 132
133 146 60
129 823 713
156 155 160
134 103 110
457 110 138
22 71 70
70 29 24
0 69 68
21 68 44
647 292 10
61 104 206
41 75 79
76 74 77
37 30 75
175 39 75
30 87 79
74 78 85
84 10 85
302 1552 90
122 299 179
50 171 371
88 80 87
80 122 79
229 717 488
78 487 84
718 1475 84
527 611 672
179 81 180
323 322 121
130 101 699
102 34 1
35 27 58
1 58 50
136 59 34
370 102 50
101 127 102
137 203 154
183 315 184
92 98 366
93 97 98
66 132 5
73 196 166
482 6 206
146 145 137
479 424 476
115 48 139
6 52 61
67 46 66
61 197 196
218 212 207
57 6 170
144 142 143
131 108 56
126 62 127
150 55 144
229 231 221
487 209 230
171 33 173
177 91 348
287 82 85
180 176 20
178 177 349
697 325 695
116 130 434
116 141 98
129 436 832
64 193 128
92 688 126
115 32 142
62 434 103
145 63 134
66 133 51
436 691 140
96 51 60
99 47 106
5 200 67
108 52 57
5 148 135
34 127 45
55 131 114
60 114 53
114 146 117
133 46 106
106 144 63
202 153 203
689 444 140
464 155 467
156 117 47
202 203 46
155 47 154
147 469 194
99 157 152
152 149 65
150 65 48
154 194 467
190 188 161
426 435 433
187 185 65
410 417 158
996 431 986
250 259 263
18 236 17
210 219 54
816 815 104
814 803 632
198 195 197
482 481 170
21 113 169
83 120 174
349 372 347
120 175 20
178 347 171
173 77 40
123 1552 1550
1550 121 124
124 174 20
41 82 90
90 123 40
287 284 580
309 323 289
366 100 369
850 100 710
186 160 198
52 185 197
160 464 189
196 195 158
187 425 192
814 158 412
831 442 830
411 198 189
691 129 440
157 153 460
188 168 413
104 111 188
168 111 186
168 185 192
443 202 457
138 691 690
690 458 457
151 199 147
151 147 99
1006 840 847
421 463 476
73 54 105
112 214 208
217 207 715
29 119 30
489 244 165
237 236 244
215 112 219
218 482 219
207 222 225
236 222 212
237 282 266
208 11 481
112 481 213
213 165 212
7 492 247
118 234 485
215 23 214
719 659 486
233 659 234
231 214 228
232 233 235
274 622 280
235 234 225
86 716 118
484 716 119
118 9 225
226 18 491
226 268 224
224 221 228
226 228 23
164 215 211
211 216 17
275 799 255
817 259 416
820 729 730
31 631 252
247 629 493
258 492 17
254 211 210
261 282 265
266 261 259
242 220 31
815 816 489
409 1489 1488
163 31 258
736 868 887
267 629 241
497 268 7
244 490 282
238 808 628
810 1479 802
608 818 733
243 266 250
163 246 239
1171 819 818
245 280 246
885 899 872
163 418 631
632 274 265
490 264 245
216 246 258
252 270 529
233 253 16
629 271 630
281 283 267
507 269 529
549 508 8
500 499 508
264 798 227
594 622 238
685 804 803
541 738 559
1488 809 687
798 804 806
416 261 227
631 419 270
254 245 216
737 509 270
669 402 181
394 300 502
557 523 615
181 122 292
655 496 1476
1552 291 182
569 1025 566
301 289 303
287 72 669
970 1115 1300
313 1346 528
1135 754 941
1052 365 571
681 360 627
580 341 605
302 82 580
285 664 496
556 13 291
303 81 299
302 605 291
982 981 984
322 379 331
1297 1296 774
556 671 398
767 768 320
319 182 13
1142 1047 1345
13 318 321
547 973 402
555 1403 294
318 344 328
100 368 372
983 526 634
386 355 383
398 314 311
321 330 309
664 308 647
311 326 319
330 305 91
1550 182 91
971 974 972
701 437 125
321 328 329
379 599 375
326 314 352
683 677 326
319 677 322
373 348 305
759 341 402
345 377 683
636 353 598
342 657 636
364 536 648
392 343 382
1050 1055 979
352 635 391
606 568 638
298 332 668
395 648 335
337 600 380
635 314 755
333 684 355
710 372 373
174 172 371
349 121 331
124 348 172
533 663 394
578 999 981
684 328 339
642 582 334
383 396 367
345 393 317
548 674 676
1000 999 789
1514 797 1515
576 756 755
794 297 652
680 651 644
1249 658 620
599 678 377
1478 336 395
966 296 965
101 370 183
354 1471 387
315 370 371
183 448 699
368 366 97
368 83 347
172 346 315
331 375 346
702 706 703
373 327 376
706 595 375
363 333 381
711 382 712
678 327 305
-1 707 343
386 382 377
337 378 381
317 354 388
829 447 -1
404 405 399
381 317 392
399 367 407
399 397 383
708 707 -1
396 1478 1477
393 339 1478
337 386 397
396 355 391
350 774 285
342 598 364
354 393 390
406 392 388
527 318 307
385 388 387
407 1472 404
638 642 585
312 332 284
1477 1473 1471
-1 385 400
385 -1 406
600 397 405
400 387 408
618 407 1471
417 414 249
161 413 422
429 427 192
685 190 417
195 427 410
422 596 409
996 430 1004
239 280 594
412 161 409
263 817 539
725 281 539
730 745 748
470 423 205
428 414 410
468 421 472
-1 470 107
475 432 189
159 430 429
428 413 411
427 430 422
426 411 432
415 428 426
-1 162 1004
429 425 466
-1 1004 159
689 132 126
-1 159 466
135 439 128
-1 694 325
447 834 833
445 436 444
838 193 43
1062 -1 848
-1 824 191
199 458 840
148 446 439
825 439 833
444 852 450
438 449 384
850 456 369
451 447 42
833 446 42
-1 449 453
688 852 689
455 694 451
852 853 698
42 698 453
696 448 851
199 67 201
201 459 443
458 838 837
463 194 474
1063 844 828
470 -1 477
460 205 468
472 187 149
480 478 466
465 435 432
468 149 157
463 423 467
474 153 840
462 421 424
473 476 474
475 464 423
471 1006 1003
460 469 471
480 425 472
205 471 107
462 478 480
477 -1 465
107 1003 -1
477 465 475
218 217 169
213 169 105
484 29 11
483 715 230
717 221 751
498 223 16
488 87 119
86 718 487
210 248 813
265 254 813
492 7 232
491 243 220
242 630 497
500 16 497
521 512 515
666 300 288
493 494 253
12 486 505
630 8 273
273 512 494
534 525 544
667 660 285
532 550 542
516 511 545
512 517 498
719 524 660
271 735 8
272 515 273
744 283 746
742 735 744
504 515 532
505 500 495
896 894 918
589 634 657
495 508 511
544 504 535
505 543 518
522 12 517
534 535 555
1304 1404 552
495 544 543
525 548 518
591 286 617
676 506 12
501 522 543
791 316 999
89 755 398
548 534 294
744 271 267
855 541 820
549 745 554
511 549 503
350 641 614
528 501 519
516 560 519
336 756 593
794 1509 640
776 762 761
419 418 733
885 916 889
277 743 530
545 503 565
525 517 521
501 521 516
562 504 542
682 633 563
312 669 768
522 528 356
532 272 531
554 729 503
925 927 926
520 1403 615
862 883 882
730 550 531
313 519 615
301 570 307
286 560 675
607 988 1492
723 277 728
535 562 557
724 562 565
561 560 545
546 672 639
663 614 1047
542 727 561
574 573 290
653 616 592
340 785 650
625 601 290
556 605 668
1042 779 296
670 782 785
724 566 675
566 939 617
1273 1391 1394
672 593 359
649 582 650
351 607 788
948 960 1137
181 298 299
784 662 785
577 1473 353
859 1016 1011
682 651 653
661 401 636
1415 1256 1416
788 796 789
1048 1297 1344
637 514 645
781 1506 -1
523 1305 1304
567 637 682
633 536 576
609 416 275
376 704 710
1489 414 996
1508 604 640
395 334 1477
363 711 327
-1 343 406
728 894 569
1333 1304 1273
763 760 613
670 597 783
303 298 570
670 340 627
578 982 558
609 257 817
594 801 608
1495 1496 1470
671 646 89
928 935 929
762 603 646
533 674 564
552 555 286
567 984 983
574 523 675
1549 1548 408
1305 949 1273
362 768 767
623 986 -1
800 275 227
1001 809 621
-1 705 708
723 569 724
890 1011 -1
297 640 606
1005 801 255
242 252 269
269 499 493
281 241 263
167 264 813
546 645 593
637 316 514
339 344 756
335 585 334
634 589 592
340 401 654
563 646 758
537 597 627
533 660 676
650 353 401
783 1507 1506
965 679 361
589 648 633
611 613 639
320 72 1476
336 645 342
577 662 1474
642 568 577
758 361 584
790 796 360
567 584 680
638 1000 681
288 665 752
774 773 664
514 661 335
974 973 362
224 223 751
506 641 502
585 657 791
777 649 581
564 1297 350
656 320 300
717 655 718
752 667 496
666 673 502
341 761 570
284 292 547
606 604 572
757 611 307
89 563 576
720 719 667
1345 614 356
617 557 573
524 356 641
678 330 329
363 379 677
644 1049 1055
653 361 786
790 297 654
592 546 584
684 333 329
683 352 345
1488 276 412
1005 1168 1169
278 1491 1490
130 853 452
452 148 434
838 201 200
200 135 193
849 1061 -1
827 713 841
695 437 453
694 696 125
698 456 695
700 125 851
696 455 454
853 92 369
697 702 705
325 705 -1
374 700 704
374 712 708
702 709 595
701 700 624
376 711 374
712 380 389
703 389 624
851 850 704
184 346 595
706 599 378
378 707 703
693 43 64
836 843 839
484 208 9
9 229 230
485 665 86
665 88 488
223 506 673
673 752 751
858 883 873
1009 934 746
727 559 625
561 625 573
419 1007 737
856 736 926
565 743 723
731 601 559
743 550 240
420 240 554
728 740 917
925 909 922
257 739 539
874 1012 897
745 507 510
726 251 909
283 725 1009
740 277 870
882 867 733
738 856 731
750 884 747
902 854 510
541 727 729
529 509 510
420 531 735
509 722 902
741 820 748
420 854 747
1015 900 905
741 874 899
485 659 720
720 666 655
889 888 875
295 1026 920
344 527 359
359 536 635
761 762 671
639 760 651
971 776 332
764 758 603
757 668 538
757 538 613
765 966 603
966 965 760
763 975 766
765 976 1042
769 620 308
308 620 547
770 767 773
769 1250 1249
939 1025 933
994 979 1415
1296 769 656
306 656 394
977 1248 1247
972 538 759
778 662 -1
777 1548 1474
1044 1051 571
1440 1414 987
783 590 782
781 784 572
781 604 643
782 -1 581
581 568 572
680 1055 993
989 982 991
578 1492 587
587 790 357
789 652 681
661 526 1000
797 1002 1120
795 1120 1509
360 1057 537
793 1057 1519
587 1119 652
792 1521 358
274 803 279
811 238 800
622 806 799
818 609 628
256 1484 1483
798 167 276
276 1490 279
1489 986 809
1480 800 279
1179 1175 1174
1168 255 1482
278 805 623
1486 1487 256
1482 799 1483
904 929 930
490 489 632
816 190 167
248 54 166
248 166 814
418 239 608
257 801 260
876 882 260
747 530 240
1182 1129 1130
862 860 865
64 830 841
-1 1062 442
834 832 445
842 1063 1059
1008 1063 693
837 43 461
831 834 384
823 832 191
829 -1 191
830 128 825
445 450 438
438 829 825
-1 -1 1061
845 714 842
847 459 828
690 440 459
847 844 714
204 469 443
823 1062 693
844 826 836
846 714 -1
839 461 842
849 -1 836
843 1003 1006
204 837 839
1008 441 1060
845 1059 692
448 184 709
709 697 456
454 446 452
454 688 699
874 748 742
884 870 530
868 726 740
1177 1175 1093
721 935 934
889 583 892
822 876 1170
891 869 887
822 873 553
1530 1525 1539
1015 916 872
1125 1073 822
1071 873 1073
1007 739 883
856 14 251
909 861 895
14 738 855
887 892 890
262 898 864
721 862 866
854 734 750
753 884 885
819 1173 860
1126 1125 1170
1524 1128 1537
1069 905 1020
1083 1074 1073
897 886 898
739 819 553
553 721 867
875 855 741
262 540 875
913 914 881
861 251 871
14 753 892
753 540 859
871 626 891
-1 861 890
859 871 888
917 924 894
513 601 893
-1 906 869
1026 1025 513
899 734 881
881 900 872
897 262 750
749 898 901
914 1079 900
903 742 746
902 1010 1012
1064 812 1072
879 749 1076
922 895 -1
936 920 918
912 911 1019
869 732 736
-1 944 1019
908 922 -1
908 923 925
1010 886 1012
929 901 886
1016 916 1066
915 540 864
926 893 731
924 907 513
937 936 938
907 937 754
1035 -1 1039
911 732 906
936 927 912
918 893 927
912 551 732
917 726 551
923 924 551
1010 934 612
612 812 914
1074 812 1071
1014 1069 -1
1029 946 1031
1022 771 1026
928 722 858
858 1071 612
907 923 919
919 940 920
944 950 919
574 771 1275
937 950 941
295 940 945
1104 1114 -1
1391 949 1192
938 910 1030
941 952 956
959 947 932
1028 946 952
952 955 579
943 619 1277
940 938 1028
1030 1027 1031
947 948 945
962 1139 1034
1136 1135 956
948 959 1034
945 1137 954
1157 1102 1141
1158 1138 1140
946 1032 955
1139 1158 579
1034 1032 1036
1038 1101 953
1098 1144 1143
1024 1037 1277
365 644 764
365 764 763
1294 1162 1248
1160 1053 1044
1394 1393 1347
1265 293 1301
759 973 324
324 975 776
971 312 658
324 658 977
976 765 972
975 977 766
976 974 775
1044 1042 1247
1049 772 338
1439 1543 1542
351 983 304
304 787 607
981 316 616
616 993 304
1543 1441 991
621 805 162
780 1412 1378
989 1546 558
997 988 787
1462 1470 1547
787 1056 985
997 1453 1379
786 1056 984
1442 772 1380
1421 1407 1365
162 596 415
989 1441 992
1547 1546 1379
526 351 357
357 654 791
623 1487 1491
1505 1507 792
846 479 473
431 415 433
628 686 1171
846 473 204
1009 725 867
1059 827 848
1007 722 737
903 928 913
-1 626 583
903 913 734
1084 1078 1526
931 1066 1015
864 749 1014
915 1070 583
1122 1124 1081
1070 1066 -1
-1 910 908
879 1068 -1
1136 1024 1133
1276 933 1133
1134 1193 1024
964 1021 1023
771 290 896
933 896 754
-1 1029 951
947 950 1031
1027 1033 932
-1 951 944
932 1028 951
959 1035 961
-1 1035 1029
961 953 955
1032 1033 921
1038 961 1114
1306 964 1283
962 1036 1041
921 -1 1114
-1 1199 1196
1103 1038 1111
571 766 978
1316 1219 1237
978 968 779
1117 1054 1118
1051 1118 1052
564 310 1344
1252 1251 588
679 1052 979
1442 1056 338
779 1117 1046
1046 1049 296
1116 968 1161
1045 1267 1256
786 679 338
1050 991 993
794 1119 795
1519 1500 1518
1008 849 826
-1 1061 848
692 1060 835
441 841 824
826 461 827
904 1065 1079
1080 1067 1064
915 1014 1018
1123 1065 1124
1020 1123 1082
-1 931 879
1018 -1 1016
866 930 935
1074 1075 904
866 865 880
930 880 1072
1080 1072 1077
1123 905 1079
1083 1078 1075
1131 1013 1077
1076 901 1064
1065 1075 1084
1084 1121 1017
1068 1124 -1
880 1085 1077
1013 1081 1080
1083 1087 1131
1091 1132 1131
1085 1125 1090
1090 1524 1091
1524 1167 1532
1092 1088 1087
1530 1086 1088
1126 1128 1090
857 1129 1166
1534 1531 1527
1529 1122 1121
1112 1097 1159
1096 1280 1158
-1 1109 963
1145 1151 1103
1144 1146 1145
1103 1159 962
1184 957 1290
1101 1041 1099
942 1143 1111
1290 1188 1291
1107 1147 1146
1106 1113 1284
1284 1213 1285
1185 1146 1098
1154 1180 1280
1104 1144 1041
1141 1096 1151
1107 1196 1200
942 1036 1039
1160 293 1161
1117 1053 1235
1051 1116 1045
1045 1415 1046
796 1493 1057
1518 792 793
1081 1526 1095
1017 1095 -1
1068 1076 1067
1067 1017 1082
1087 865 877
877 1166 1092
1172 1166 1170
1092 1129 878
821 1128 1093
1274 -1 821
1078 1085 1086
1086 1539 1526
1022 1135 1021
1136 1140 1023
1133 295 954
1021 954 1134
956 579 1140
958 1280 1193
1159 960 953
958 1134 1137
957 1154 1112
310 1348 1402
1104 -1 963
963 1100 1111
1099 1100 1147
1100 1109 1106
1106 1152 1145
1205 1198 1197
1199 -1 1205
1217 1223 1156
1112 1099 1187
1147 1284 1155
1212 1213 1204
1189 1110 1141
1187 1152 1201
1212 1216 1150
1188 957 1187
1097 958 960
1139 1101 1096
968 1162 1115
1115 1263 1053
1160 1247 967
1251 1301 1300
1327 1397 1299
1203 1310 1207
1126 1127 1093
1534 1089 1181
1176 686 808
1177 1172 686
1127 877 860
1005 1173 260
1173 1169 1127
1172 876 1171
1176 1178 807
1274 857 807
1177 1168 1174
1176 857 1169
1174 1484 1481
1481 -1 807
1283 1110 1281
1537 -1 1167
-1 1537 821
1259 1313 1391
1206 1189 1102
-1 1196 1109
1206 1203 1195
1151 1155 1157
1157 1201 1105
1154 1184 1308
1292 1293 1220
1318 1321 1307
943 1306 1259
1023 1138 1283
1288 1245 1289
1309 1308 1186
1040 1113 1185
1148 1200 1199
1148 1209 1214
1197 1040 1149
1208 1113 1197
1155 1285 1188
1231 1228 1241
1165 1320 1186
1153 1214 1210
1148 1149 -1
1186 1184 1288
1165 1389 1331
1214 1213 1200
1210 1198 -1
1216 1204 1209
1217 1222 1225
1156 1221 1153
1153 1108 1208
1208 1198 1204
1217 1216 -1
1215 1156 1210
1211 1150 1215
1224 1229 1225
1289 1043 1243
1223 1190 1291
1291 1285 1212
-1 1224 1211
1225 1220 1150
1222 1230 1218
1211 1218 1223
1232 1231 1244
1289 1246 1244
-1 1202 1230
1232 1292 1218
1232 1224 1228
1226 1202 1239
1226 1229 1230
1238 1383 1241
1352 1385 1315
1253 1267 1116
1239 1255 1237
1236 1043 1244
1384 1233 -1
1231 1383 1236
1351 1363 1364
-1 1233 1202
1428 1397 1337
1316 1310 1219
1237 1227 1226
1194 1290 1293
1292 1227 1293
1162 978 775
775 1249 967
1248 362 770
770 1295 1294
1295 1048 1163
1298 1301 1048
1235 1257 1260
1258 1270 1427
1236 1302 1425
1413 586 1054
1253 1263 1266
1254 1371 1261
1183 1192 1307
1427 1253 1264
1258 1410 1409
1410 1360 1359
1161 1265 1257
1428 1260 1266
970 1299 1263
1257 1397 1264
1054 1235 1270
1411 1414 1413
1270 1409 1413
1269 1267 1254
1431 1324 1326
1410 1419 1354
575 602 619
-1 1130 1175
1276 1305 939
1277 1275 1022
1276 964 949
1282 1281 1318
1320 1311 1325
1138 1097 1110
1278 1180 1308
1307 1306 1278
1180 1037 1193
1152 1107 1108
1108 1221 1201
1426 1368 1386
1323 1319 1322
1310 1206 1194
1194 1227 1219
1245 1102 1105
1221 1220 1105
1190 1229 1246
1190 1246 1245
1300 967 1250
1250 1296 1251
1295 773 306
306 663 588
1252 1541 1540
1164 1265 1540
293 1294 1163
1163 1252 970
1255 1381 1350
1372 1371 1434
602 520 591
591 1275 619
1192 1037 1282
1282 1191 1259
1281 1189 1195
1195 1320 1318
1243 1165 1288
1324 1279 1331
1324 1322 1325
1393 1183 1319
1384 1382 1381
1234 1426 1350
1389 1243 1043
1326 1331 1386
1309 1191 1278
1321 1287 1313
1309 1203 1279
1191 1325 1319
1334 1287 1312
1335 1332 1287
1311 1271 1312
1312 1321 1279
1271 1317 1387
1398 1400 1164
1353 1375 1356
1364 1363 -1
1355 1360 1372
1317 1311 1207
1393 1323 1341
1404 602 1392
1322 1395 1340
1340 1399 1323
1433 1396 1431
1242 1400 1429
1399 1398 1342
1342 1402 1401
1334 1400 1335
1401 1332 1399
1339 1338 1541
1392 1347 1402
1541 588 1047
1346 310 674
1348 1345 294
1401 1343 969
1349 1142 1346
1348 1403 1404
1315 1302 1382
1382 1240 1358
1234 1358 1355
1364 1361 1328
1409 1272 1411
1330 1352 1357
1358 1328 1357
1356 1369 1355
1352 1351 1356
1262 1369 1449
1371 1330 1262
1362 1353 -1
1408 1375 1361
1240 1384 1329
1240 1329 1353
1374 995 1366
1408 1365 1376
1388 1427 1430
1387 1286 1385
1357 1373 1359
1407 1449 1376
1360 1258 1303
1303 1405 1330
1376 1369 1375
1436 1365 1437
1373 1328 1362
1373 1366 1370
1445 1463 1545
987 1422 1424
1544 998 992
1542 994 1416
1302 1383 1314
1314 1351 1350
1239 1233 1381
1314 1238 1363
1234 1405 1368
1317 1390 1286
1326 1368 1433
1396 1434 1367
1390 1207 1316
1389 1425 1386
943 1183 575
1394 1343 1333
1313 1332 969
969 1392 575
1429 1334 1431
1336 1388 1432
1242 1266 1164
1338 1327 1540
1338 1341 1335
1327 1340 1337
1347 1341 1339
1343 1339 1142
1349 313 552
1349 520 1333
1406 1385 1372
1434 1433 1405
995 1450 1370
1437 1366 1362
1354 1269 1261
1261 1262 1272
1412 1268 1354
1411 1420 987
1256 1269 1268
1268 780 1416
772 1118 586
586 1414 1380
1440 1424 1452
1454 1456 1453
1420 1272 1449
1450 1412 1419
995 1423 1448
1378 1450 1448
1435 1421 1436
1451 1417 1378
1426 1390 1255
1425 1315 1286
1254 1260 1367
1264 1242 1430
1337 1395 1432
1432 1367 1428
1395 1271 1336
1396 1430 1429
1336 1387 1406
1406 1303 1388
1444 1460 1423
1423 1374 1443
1374 1408 -1
1439 1452 1453
1438 1441 980
1542 780 1417
1439 997 985
994 1543 1050
1444 1436 -1
1435 1443 1461
1467 1377 1455
1454 1452 1451
1460 1465 1464
1464 1422 1421
1419 1359 1370
1407 1422 1420
1424 1464 1446
1446 1438 1417
1418 992 1438
1465 1418 1446
1457 1461 1445
1545 1544 1418
1458 1460 1455
1545 1465 1457
1462 -1 1499
1447 1435 1457
1444 -1 1455
990 1467 1459
1547 1544 1377
1451 1448 1447
1447 1458 1454
1468 1494 1497
-1 1462 1445
1466 1520 1519
-1 1502 1499
610 990 1501
408 367 403
400 1548 -1
1549 403 582
778 1549 649
1476 10 88
1475 288 647
598 403 390
390 391 364
-1 1481 256
1483 806 1485
1479 1179 1178
808 811 1484
811 1480 802
802 1178 1482
1486 1480 1490
1485 1491 810
810 1001 -1
278 685 249
249 596 805
1485 804 687
687 1001 1486
1493 788 558
1494 1119 1492
1466 1493 1496
1501 1497 610
1494 1546 610
1466 1495 1502
1520 -1 1500
1459 1469 1501
1058 1498 1522
1495 1470 1499
1497 1469 1504
1521 1513 1517
-1 1520 1502
1511 1002 1514
1511 590 643
643 1508 1002
1509 1507 597
1508 537 793
1518 1523 1521
1506 1505 -1
1516 1515 1517
-1 1503 1523
-1 1505 358
-1 358 1512
-1 -1 1512
-1 1512 1503
1058 1510 1120
1058 795 1468
1504 1498 1468
1503 797 1510
-1 1523 1500
1510 1522 1513
1089 1088 878
863 1527 1533
1121 1013 1132
1532 1094 1525
-1 -1 1551
1538 -1 1095
863 1091 1532
1551 1094 -1
1527 1530 1089
1536 1525 1551
1167 -1 1094
1536 -1 1538
-1 1535 1533
878 1182 1181
1529 1539 1535
1538 1132 863
1398 1299 1298
1298 1344 1342
1380 1440 980
980 985 1442
1463 1379 1456
1456 1458 1377
1496 988 998
1463 990 998
778 1472 618
618 1473 1474
323 177 176
1533 1531 1528
176 81 289
