20 21
21 24
24 20
206 556
556 135
135 206
322 140
140 212
212 322
77 0
0 17
17 77
14 78
78 17
17 14
229 228
228 84
84 229
28 106
106 53
53 28
491 415
415 493
493 491
638 647
647 434
434 638
46 39
39 44
44 46
71 146
146 74
74 71
40 39
39 13
13 40
74 510
510 71
42 75
75 30
30 42
497 566
566 429
429 497
106 108
108 53
51 53
53 56
56 51
155 76
76 118
118 155
30 40
40 42
19 20
20 14
14 19
83 88
88 79
79 83
79 84
84 0
0 79
18 15
15 19
19 18
24 16
16 20
3 37
37 140
140 3
19 17
17 18
78 48
48 77
77 78
26 51
56 26
0 18
15 20
21 11
11 24
43 38
38 16
16 43
15 21
51 28
14 156
156 78
3 35
35 37
205 316
316 317
317 205
0 159
159 18
132 26
26 110
110 132
11 55
55 24
28 54
54 55
55 28
122 123
123 348
348 122
25 27
27 29
29 25
55 29
29 24
39 117
117 13
3 43
43 35
31 27
25 31
29 16
34 30
30 27
27 34
31 34
27 43
43 29
23 136
136 138
138 23
54 44
44 31
31 54
26 32
32 51
45 59
59 47
47 45
27 35
38 20
39 34
31 39
34 40
30 35
36 75
42 36
13 58
58 40
13 59
59 58
37 75
75 142
142 37
37 209
209 140
33 14
14 38
38 33
32 44
54 32
132 32
58 42
154 2
2 152
152 154
36 60
60 67
67 36
60 42
42 41
41 60
36 142
3 33
33 43
59 1538
1538 58
155 45
45 76
25 54
32 46
117 46
46 76
76 117
76 47
47 117
81 83
83 48
48 81
77 79
13 47
11 106
28 11
79 48
54 51
57 170
170 171
171 57
327 329
329 161
161 327
56 57
57 52
52 56
26 52
52 110
25 55
53 57
15 130
130 21
346 15
15 347
347 346
23 52
52 136
152 153
153 154
58 41
115 513
513 68
68 115
63 60
41 63
65 67
67 63
63 65
68 41
41 1538
1538 68
361 351
351 359
359 361
344 145
145 511
511 344
710 49
49 916
916 710
63 68
68 65
71 143
143 146
73 337
337 338
338 73
510 115
115 71
65 62
62 67
761 758
758 438
438 761
806 1030
1030 1029
1029 806
62 917
917 67
642 514
514 644
644 642
61 577
577 908
908 61
642 344
511 642
68 64
64 115
1452 1455
1455 1558
1558 1452
144 116
116 143
143 144
71 64
64 143
578 705
705 650
650 578
700 871
871 433
433 700
74 804
804 510
911 66
66 336
336 911
1220 761
438 1220
510 513
35 75
132 46
138 1
1 133
133 138
321 156
14 321
80 78
78 157
157 80
48 80
80 81
166 233
233 82
82 166
80 22
22 124
124 80
369 98
98 125
125 369
84 94
94 91
91 84
95 103
103 99
99 95
109 108
106 109
87 83
81 87
88 91
94 88
90 88
88 87
87 90
159 228
229 159
85 87
87 92
92 85
369 93
93 98
98 86
86 90
90 98
86 102
102 99
99 86
87 96
96 92
85 90
88 86
86 91
81 124
124 96
96 81
92 122
122 89
89 92
162 125
98 162
99 91
91 103
103 84
244 160
160 243
243 244
92 243
243 85
285 477
477 382
382 285
79 94
127 258
258 126
126 127
82 95
95 166
124 97
97 96
97 122
122 96
158 22
22 157
157 158
214 213
213 97
97 214
162 90
85 162
100 257
257 99
99 100
98 126
126 102
102 98
232 264
264 235
235 232
93 126
369 463
463 93
451 454
454 129
129 451
202 128
128 204
204 202
102 100
165 257
257 258
258 165
230 270
270 193
193 230
131 170
170 108
108 131
166 99
257 166
11 168
168 109
109 11
168 130
130 107
107 168
257 233
130 260
260 107
53 170
21 168
109 107
107 108
23 110
111 110
23 111
205 133
133 311
311 205
46 134
134 76
57 172
172 52
195 180
180 188
188 195
123 97
213 123
156 157
62 918
918 917
140 208
208 113
113 140
332 331
331 518
518 332
151 150
150 147
147 151
150 512
512 514
514 150
111 118
118 134
134 111
138 207
207 23
322 3
214 323
323 213
265 278
278 105
105 265
263 280
280 204
204 263
244 89
89 246
246 244
440 254
254 448
448 440
252 121
121 248
248 252
247 348
348 220
220 247
214 124
22 214
243 253
253 85
251 370
370 253
253 251
93 127
126 100
261 282
282 280
280 261
258 269
269 165
232 236
236 264
263 372
372 260
260 263
204 101
101 266
266 204
273 105
105 274
274 273
347 18
159 347
130 261
261 260
107 372
372 108
112 136
136 137
137 112
111 132
134 132
154 206
206 2
207 111
207 118
207 135
135 118
154 155
155 556
556 154
52 137
136 1540
1540 138
172 137
174 181
181 137
137 174
1540 139
139 312
312 1540
112 1540
174 173
173 182
182 174
238 297
297 186
186 238
209 208
113 212
324 208
208 211
211 324
324 113
917 142
36 917
114 208
209 114
64 144
147 146
143 147
1538 144
64 1538
45 153
153 59
147 145
145 146
641 870
870 647
647 641
116 147
699 804
74 699
152 553
553 151
151 152
116 151
762 438
758 762
710 72
72 700
700 710
495 205
205 491
491 495
150 145
317 491
150 149
149 436
436 150
116 152
151 149
116 153
2 551
551 553
553 2
144 153
144 59
45 154
311 1541
1541 316
316 311
33 321
156 119
119 157
119 158
227 119
119 212
212 227
226 158
158 227
227 226
0 228
242 159
159 120
120 242
244 92
250 251
251 160
160 250
213 216
216 123
327 220
220 222
222 327
85 125
252 368
368 444
444 252
448 371
371 463
463 448
281 538
538 287
287 281
381 545
545 621
621 381
272 277
277 256
256 272
272 237
237 277
167 237
237 240
240 167
308 486
486 548
548 308
230 239
239 270
178 179
179 175
175 178
235 101
101 232
278 230
230 194
194 278
131 171
174 176
176 173
172 174
171 172
172 176
178 171
131 178
185 196
196 187
187 185
171 176
181 182
182 180
180 181
1542 108
372 1542
190 307
307 1539
1539 190
178 176
310 176
176 175
175 310
306 196
196 192
192 306
197 199
199 386
386 197
131 179
382 288
288 285
300 302
302 298
298 300
187 190
190 184
184 187
181 112
180 112
184 182
173 184
189 182
182 1539
1539 189
175 201
201 310
185 192
173 310
310 187
187 173
386 309
309 388
388 386
278 201
201 274
274 278
194 185
185 201
201 194
184 1539
196 191
191 187
194 192
193 192
194 193
189 180
183 1539
307 183
183 188
188 189
189 183
306 186
186 203
203 306
260 280
295 307
190 295
307 393
393 183
195 112
193 186
186 192
1540 195
195 139
414 401
401 400
400 414
188 198
198 195
191 306
306 298
298 191
191 190
397 188
183 397
318 195
198 318
197 307
307 199
270 238
238 193
185 310
191 295
274 179
179 273
238 288
288 296
296 238
274 175
265 239
230 265
270 288
231 466
466 468
468 231
1 311
135 133
205 135
118 556
493 2
206 493
133 207
114 210
210 208
210 211
142 209
142 114
916 210
114 916
210 49
49 211
215 217
217 325
325 215
216 221
221 123
113 226
227 113
321 212
119 321
217 216
213 217
158 323
323 22
141 323
158 141
215 216
643 919
919 65
65 643
213 141
141 217
215 221
218 325
325 141
141 218
325 219
219 215
141 226
226 218
211 326
326 218
218 211
325 326
326 219
335 219
219 334
334 335
220 221
221 222
349 350
350 247
247 349
215 222
220 123
211 433
433 326
349 327
161 349
146 699
953 1552
1552 880
880 953
687 1025
1025 636
636 687
689 714
714 703
703 689
565 569
569 509
509 565
642 341
341 344
324 226
103 229
234 376
376 82
82 234
95 268
268 103
234 233
233 465
465 234
229 120
383 265
265 264
264 383
298 203
203 300
298 295
271 129
129 523
523 271
169 375
375 165
165 169
272 202
202 280
280 272
375 465
465 165
265 267
267 239
240 282
282 120
120 240
296 297
272 240
282 272
179 1542
1542 266
266 179
236 476
476 481
481 236
120 292
292 240
296 546
546 275
275 296
232 281
287 232
284 277
277 241
241 284
237 276
276 277
264 105
105 235
269 169
346 242
242 130
130 346
160 253
245 246
246 247
247 245
246 248
248 244
353 161
161 355
355 353
248 250
250 244
89 247
245 248
89 348
220 349
437 245
245 354
354 437
121 250
350 245
449 519
519 442
442 449
121 251
444 520
520 252
519 251
121 519
245 252
252 437
437 368
253 125
459 531
531 461
461 459
163 368
368 441
441 163
370 125
448 255
255 440
256 202
128 101
256 281
232 256
100 258
127 269
269 271
271 169
292 380
380 290
290 292
242 261
120 261
101 273
273 266
128 232
131 1542
82 379
379 95
263 262
262 372
548 485
485 104
104 548
204 262
463 127
239 285
285 270
373 271
269 373
256 128
467 469
469 470
470 467
285 267
267 164
164 285
7 582
582 769
769 7
487 409
409 387
387 487
290 167
167 292
380 103
268 380
479 477
477 480
480 479
277 281
165 233
266 262
273 235
276 534
534 294
294 276
383 164
267 383
167 289
289 276
276 167
234 377
377 376
284 281
290 379
379 376
376 290
276 241
127 373
284 538
290 283
283 289
289 290
236 383
294 241
536 284
241 536
289 534
483 296
288 483
241 293
293 536
236 287
287 476
482 483
483 382
382 482
164 477
473 534
534 283
283 473
268 379
290 268
473 377
377 378
378 473
378 616
616 473
229 292
229 380
294 293
598 535
535 599
599 598
302 309
309 199
199 302
294 291
291 598
598 294
297 200
200 186
299 300
300 301
301 299
303 547
547 384
384 303
299 305
305 302
302 299
547 484
484 384
203 301
199 295
298 199
780 490
490 729
729 780
186 301
200 275
275 547
547 200
200 301
305 308
308 670
670 305
301 303
303 486
486 301
308 299
299 486
305 309
305 304
304 309
197 393
200 303
624 548
104 624
623 385
385 727
727 623
399 401
401 392
392 399
312 1
1 1540
312 311
139 315
315 312
1541 315
315 319
319 1541
318 315
139 318
386 390
390 197
314 320
320 416
416 314
491 492
492 415
315 313
313 319
312 1541
316 314
314 317
319 320
314 319
552 345
345 436
436 552
391 197
390 391
318 489
489 315
313 320
1541 314
425 413
413 423
423 425
416 317
322 33
321 322
218 324
643 68
513 643
337 435
435 331
331 337
330 327
222 330
330 329
330 333
333 332
332 330
332 328
328 330
355 357
357 359
359 355
350 354
333 331
328 329
871 326
331 334
334 337
222 333
707 708
708 804
804 707
335 222
215 335
334 333
333 335
326 338
338 219
435 518
645 66
66 749
749 645
338 334
702 435
435 647
647 702
433 49
49 700
820 815
815 874
874 820
702 518
762 578
578 636
636 762
72 871
513 342
342 643
717 357
357 358
358 717
707 224
224 872
872 707
341 649
649 344
504 507
507 509
509 504
1207 988
988 1086
1086 1207
493 551
145 699
242 347
161 350
353 350
352 354
354 353
353 352
357 329
329 358
361 363
363 351
363 365
365 439
439 363
437 441
329 355
353 351
351 439
439 353
352 437
359 353
1098 1173
1173 1171
1171 1098
363 362
362 365
328 358
357 356
356 359
716 766
766 356
356 716
718 328
328 517
517 718
717 716
356 717
819 363
361 819
756 953
953 954
954 756
766 359
759 763
763 882
882 759
449 370
370 519
718 715
715 646
646 718
906 578
650 906
807 764
764 693
693 807
366 362
363 366
362 757
757 446
446 362
365 352
352 439
705 754
754 756
756 705
757 753
753 446
446 951
951 441
441 446
368 648
648 444
453 129
129 373
373 453
125 255
255 369
255 463
530 458
458 254
254 530
370 255
370 440
127 453
1542 262
127 371
371 453
596 584
584 471
471 596
231 234
234 466
455 522
522 456
456 455
465 466
231 377
376 283
231 378
377 283
469 468
466 469
475 655
655 545
545 475
293 595
595 655
655 293
164 480
275 297
236 164
484 275
546 484
389 390
390 388
388 389
624 308
400 404
404 406
406 400
395 403
403 198
198 395
487 550
550 490
490 487
387 488
488 388
388 387
402 489
489 403
403 402
397 395
198 397
389 391
389 394
394 391
397 393
393 395
389 396
396 394
394 399
392 394
391 393
391 395
488 389
394 398
398 395
395 394
392 398
407 387
409 407
399 396
396 404
404 399
402 398
392 402
403 398
404 401
409 405
405 407
405 1192
1192 406
406 405
628 414
400 628
851 632
632 741
741 851
425 392
401 425
402 313
313 489
403 318
396 387
407 396
497 417
417 566
559 627
627 430
430 559
407 404
559 426
426 561
561 559
406 407
777 779
779 669
669 777
562 1168
1168 573
573 562
388 487
410 1192
1192 1078
1078 410
782 409
409 781
781 782
744 564
564 740
740 744
684 1093
1093 1094
1094 684
418 421
421 417
417 418
571 408
408 432
432 571
673 630
630 672
672 673
413 679
679 673
673 413
423 420
420 422
422 423
734 635
635 570
570 734
425 414
414 413
416 419
419 317
551 552
552 149
149 551
422 421
418 422
418 416
320 418
406 410
410 628
628 406
418 419
420 421
417 502
502 418
420 498
498 421
494 491
317 494
635 686
686 570
429 432
432 497
320 422
430 412
412 559
313 427
427 320
425 427
427 402
402 425
427 422
631 680
680 681
681 631
498 566
566 421
423 427
628 730
730 508
508 628
420 672
672 498
673 423
408 563
563 12
12 408
570 571
432 570
685 686
686 735
735 685
634 429
429 498
498 634
681 426
426 496
496 681
496 833
833 681
502 557
557 419
419 502
570 568
568 571
497 499
499 417
435 434
1026 971
971 973
973 1026
711 873
873 869
869 711
150 511
337 434
512 436
345 512
365 437
578 755
755 636
73 638
434 73
365 441
362 441
648 163
163 947
947 648
753 950
950 446
440 449
449 254
807 820
820 764
948 877
877 249
249 948
519 520
520 442
957 759
759 884
884 957
881 6
6 956
956 881
949 994
994 445
445 949
752 881
881 957
957 752
995 751
751 1132
1132 995
452 448
254 452
448 451
451 371
580 449
442 580
531 460
460 461
524 450
450 462
462 524
452 451
452 454
458 459
459 254
452 450
450 454
451 453
450 459
461 450
544 665
665 618
618 544
467 374
374 529
529 467
455 523
523 522
454 524
524 129
523 524
524 770
770 523
449 530
452 459
1543 457
457 1546
1546 1543
458 531
462 651
651 768
768 462
719 723
723 771
771 719
460 7
7 651
651 460
461 462
651 461
456 528
528 374
374 456
532 583
583 471
471 532
375 466
469 375
375 470
601 597
597 527
527 601
583 468
468 587
587 583
529 602
602 587
587 529
468 533
533 231
169 470
467 468
525 271
271 455
455 525
525 169
470 374
654 653
653 593
593 654
525 374
470 525
583 533
534 291
616 291
291 473
533 378
594 537
537 595
595 594
475 381
381 539
539 475
538 476
539 540
540 476
476 539
478 480
480 481
481 478
622 477
479 622
620 1547
1547 542
542 620
382 622
622 286
286 382
478 542
1547 478
541 286
622 541
164 481
541 479
479 1547
1547 541
540 481
286 482
50 483
482 50
546 483
50 546
384 485
485 303
548 303
623 549
549 385
623 304
304 670
670 623
396 488
388 550
727 729
729 623
494 419
419 492
492 494
415 551
505 625
625 555
555 505
135 495
495 206
493 495
414 508
508 413
410 730
430 563
408 430
564 684
684 739
739 564
516 575
575 923
923 516
499 431
431 503
503 499
499 502
412 424
424 496
496 412
501 503
503 504
504 501
555 558
558 505
503 502
502 501
501 557
431 504
507 431
431 627
627 507
625 225
225 554
554 625
504 505
505 501
571 430
565 505
505 569
563 627
431 563
507 506
506 509
12 431
499 12
903 868
868 965
965 903
561 506
506 559
1095 924
924 574
574 1095
644 515
515 922
922 644
804 649
649 707
1561 643
342 1561
516 576
576 225
225 516
516 512
512 576
514 515
922 689
689 644
514 511
512 515
516 515
561 562
562 626
626 561
565 225
225 505
506 626
626 509
577 517
328 577
61 517
915 914
914 913
913 915
925 923
923 924
924 925
121 520
444 442
521 580
580 581
581 521
948 1545
1545 521
521 948
456 525
456 614
614 528
526 610
610 606
606 526
587 527
527 583
602 604
604 605
605 602
593 259
259 654
522 614
474 584
584 590
590 474
604 374
528 604
613 658
658 606
606 613
580 530
1546 1545
1545 1543
458 1544
1544 1546
1546 458
531 457
457 460
584 588
588 471
474 588
467 587
533 532
532 617
617 533
535 616
616 617
617 535
594 599
599 474
474 594
655 536
538 536
536 475
475 538
592 474
590 592
667 668
668 544
544 667
539 538
381 540
542 540
381 542
540 478
619 665
665 543
543 619
478 479
50 484
621 542
537 543
543 545
545 537
544 543
619 537
594 619
309 550
304 783
783 309
490 781
781 487
490 783
783 729
415 552
149 553
492 555
555 415
576 554
552 554
554 345
552 555
555 554
492 557
557 558
558 492
501 558
412 426
627 506
411 560
560 426
426 411
509 573
573 565
561 560
560 562
411 739
739 560
225 572
572 516
408 497
12 497
634 432
685 424
424 633
633 685
634 674
674 676
676 634
565 572
504 569
635 735
573 572
680 428
428 564
564 680
568 430
412 633
430 633
572 575
509 562
567 1096
1096 575
575 567
573 567
567 572
1093 1092
1092 1094
968 1090
1090 1091
1091 968
575 574
574 923
345 576
332 577
636 909
909 687
73 640
640 638
643 70
70 919
756 650
442 581
521 530
648 442
447 650
756 447
773 652
652 771
771 773
719 768
768 769
769 719
596 597
597 589
589 596
617 588
588 535
668 621
621 543
543 668
588 532
599 588
529 604
590 591
591 585
585 590
527 471
721 657
657 656
656 721
471 597
584 591
585 592
596 591
653 591
591 589
589 653
654 666
666 585
585 654
665 666
666 618
655 537
654 591
592 594
598 595
293 598
599 595
602 601
527 602
656 601
601 607
607 656
616 598
600 605
605 606
606 600
600 607
601 600
600 658
658 607
605 601
589 657
657 653
597 656
656 589
528 526
526 604
526 605
825 664
664 613
613 825
658 1548
1548 603
603 658
613 660
660 658
607 603
603 656
610 613
726 660
660 664
664 726
776 663
663 725
725 776
610 825
526 611
611 610
720 528
614 720
652 611
611 720
720 652
726 661
661 660
719 770
770 768
522 771
771 614
769 723
526 720
378 617
666 619
619 592
592 666
620 279
279 1547
621 620
668 620
669 727
727 728
728 669
624 670
104 549
549 624
623 624
888 405
409 888
790 845
845 800
800 790
730 677
677 508
634 570
735 796
796 685
833 834
834 631
631 833
428 743
743 740
740 428
851 1021
1021 632
568 633
568 685
674 498
672 674
630 676
674 630
678 734
570 678
847 848
848 801
801 847
638 641
704 690
690 641
641 704
811 873
873 698
698 811
224 746
746 872
690 637
637 641
935 929
929 931
931 935
343 341
341 639
639 343
693 691
691 688
688 693
807 688
688 748
748 807
909 906
906 223
223 909
689 341
341 644
639 711
711 224
224 639
970 687
687 969
969 970
223 749
66 223
874 764
755 909
342 691
693 342
1249 1240
1240 1248
1248 1249
645 579
579 646
646 645
911 223
579 716
716 646
646 717
717 718
916 918
918 710
518 577
753 952
952 950
648 581
882 884
953 1555
1555 1552
948 581
581 949
949 948
772 722
722 464
464 772
603 721
653 586
586 593
259 666
472 659
659 721
721 472
721 1548
1548 472
657 586
661 1549
1549 660
661 608
608 1549
657 659
659 586
608 612
612 1549
1549 658
724 775
775 464
464 724
726 776
776 1550
1550 726
726 1551
1551 661
611 464
775 611
1550 8
8 662
662 1550
662 608
608 1551
1551 662
775 610
259 618
620 667
667 279
780 778
778 781
781 780
669 729
1192 1141
1141 1078
731 677
677 671
671 731
420 673
508 679
676 677
677 733
733 676
732 675
675 733
733 732
676 678
678 634
630 677
676 675
675 678
630 737
737 677
671 629
629 731
835 786
786 833
833 835
737 508
679 630
680 411
411 681
848 680
631 848
835 424
424 794
794 835
743 852
852 740
849 853
853 742
742 849
740 741
741 744
564 411
1091 632
1021 1091
568 686
635 787
787 735
1094 739
339 1558
1558 1557
1557 339
649 343
343 707
1217 813
813 809
809 1217
920 921
921 987
987 920
711 696
696 224
927 926
926 701
701 927
1036 985
985 915
915 1036
746 748
688 746
816 938
938 713
713 816
815 70
70 874
640 704
704 638
764 1561
1561 693
224 343
873 813
813 869
698 639
639 697
697 698
928 930
930 910
910 928
811 695
695 1210
1210 811
342 510
510 691
746 694
694 750
750 746
61 701
926 61
761 1555
1555 758
699 344
649 699
990 816
816 939
939 990
908 701
338 871
871 73
822 749
749 706
706 822
872 688
691 872
695 697
697 703
703 695
872 708
870 701
908 870
874 1561
1557 712
712 1559
1559 1557
713 937
937 817
817 713
696 810
810 694
694 696
72 912
912 871
821 822
822 823
823 821
907 715
715 61
61 907
754 953
750 748
906 367
367 706
706 906
808 869
813 808
702 577
811 813
909 969
746 696
1003 682
682 1001
1001 1003
759 366
366 763
223 706
811 809
339 761
1220 339
510 708
708 691
762 709
709 438
1404 1175
1175 1346
1346 1404
715 645
366 757
821 767
767 716
716 821
358 718
517 715
723 582
582 615
615 723
771 770
614 652
1550 725
725 8
611 772
723 773
726 609
609 776
773 615
615 722
722 773
664 609
663 774
774 724
724 663
777 728
728 177
177 777
669 780
550 783
385 728
729 304
1078 730
730 671
732 731
629 732
889 732
629 889
1001 964
964 902
902 1001
731 733
830 678
675 830
734 736
736 635
829 736
734 829
734 830
830 829
852 803
803 855
855 852
679 737
736 790
790 787
787 736
849 959
959 853
847 743
743 848
632 744
794 796
796 788
788 794
856 847
847 742
742 856
1093 744
632 1093
859 854
854 856
856 859
73 912
912 640
853 858
858 859
859 853
744 684
1003 1017
1017 1023
1023 1003
695 698
747 913
913 921
921 747
694 692
692 750
966 1012
1012 1003
1003 966
695 805
805 1210
749 579
942 941
941 939
939 942
1306 875
875 810
810 1306
705 762
758 705
645 907
907 66
364 1553
1553 1554
1554 364
759 818
818 757
757 759
818 753
703 805
880 1047
1047 995
995 880
1102 1104
1104 1182
1182 1102
758 754
636 709
956 753
818 956
366 819
819 763
870 702
763 883
883 882
1555 1554
1554 1552
650 367
761 760
760 1555
637 701
701 641
339 760
766 361
763 766
766 767
767 763
936 929
935 936
697 341
689 697
69 1558
339 69
819 766
579 821
823 885
885 821
768 524
651 769
770 522
652 772
773 772
776 774
825 609
774 775
774 609
825 774
996 779
779 999
999 996
900 899
899 898
898 900
1147 1053
1053 1140
1140 1147
1142 888
888 782
782 1142
779 780
778 782
779 778
177 997
997 999
999 177
1138 998
998 1134
1134 1138
1000 1311
1311 900
900 1000
831 785
785 830
830 831
797 799
799 897
897 797
735 791
791 788
788 735
837 892
892 834
834 837
799 800
800 897
795 841
841 789
789 795
795 836
836 841
789 791
791 795
787 791
790 795
795 787
1556 845
845 829
829 1556
962 797
897 962
793 791
789 793
793 788
793 786
786 794
794 793
842 798
798 738
738 842
799 795
790 799
424 796
799 836
736 845
500 896
896 962
962 500
841 798
842 841
842 844
844 789
789 842
797 836
831 832
832 1556
1556 831
898 897
800 898
786 837
834 786
10 850
850 853
853 10
852 741
901 851
741 901
901 852
855 901
854 852
743 854
922 925
925 714
714 922
810 808
808 1306
765 747
747 812
812 765
1111 703
714 1111
810 692
692 945
945 750
816 820
807 816
876 1041
1041 945
945 876
810 869
945 875
875 876
1087 1086
988 1087
70 1561
990 765
812 990
816 812
812 820
912 914
914 640
985 914
1041 817
817 945
696 869
713 939
820 747
747 815
1217 808
875 692
70 920
920 918
918 70
750 937
937 748
579 822
706 823
367 823
954 447
823 886
886 885
883 767
767 885
885 883
1191 1131
1131 995
995 1191
775 825
778 996
996 782
827 1142
1142 1565
1565 827
1136 1134
1134 1050
1050 1136
828 900
900 890
890 828
829 785
785 1556
675 831
732 831
732 890
890 831
889 890
1088 1167
1167 1198
1198 1088
835 496
838 837
786 838
834 801
848 834
959 893
893 960
960 959
961 837
838 961
793 838
961 895
895 839
839 961
844 793
960 892
892 839
839 960
836 792
792 798
798 836
837 839
738 843
843 895
895 738
895 842
840 839
839 843
843 840
844 895
961 844
844 838
832 800
845 832
832 898
832 900
428 848
801 893
893 847
892 801
893 742
854 803
863 862
862 860
860 863
802 864
864 858
858 802
1002 1005
1005 966
966 1002
743 856
850 858
803 860
862 803
851 855
855 964
964 851
859 742
866 864
864 865
865 866
854 860
850 802
858 857
857 859
857 860
860 859
863 861
861 862
868 967
967 867
867 868
862 903
903 803
857 863
861 868
868 862
857 864
864 863
863 866
866 861
683 1019
1019 866
866 683
802 865
865 683
868 1018
1018 967
1130 1189
1189 946
946 1130
861 1019
1019 1018
1018 861
867 965
711 698
748 938
938 807
1075 1072
1072 814
814 1075
875 814
814 876
1033 1031
1031 992
992 1033
445 877
877 949
249 1545
947 581
950 951
956 952
1131 885
886 1131
884 752
995 886
886 954
954 995
882 824
824 884
883 824
1049 884
824 1049
447 367
447 823
885 824
782 998
998 1142
447 886
999 958
958 996
888 827
827 405
1151 889
629 1151
889 828
828 1000
890 832
1579 900
1311 1579
898 846
846 897
893 849
892 893
840 960
10 959
959 894
894 10
836 896
896 792
797 896
846 962
1295 1296
1296 1276
1276 1295
899 846
899 1579
1579 1580
1580 899
1069 1199
1199 1054
1054 1069
903 855
902 1002
1002 1001
903 902
964 903
1312 1205
1205 745
745 1312
1004 1006
1006 1562
1562 1004
682 964
925 1037
1037 714
906 755
926 907
907 336
702 908
223 969
926 336
931 934
934 927
927 931
928 911
336 928
911 910
910 969
969 911
72 987
987 914
914 72
710 987
765 983
983 747
983 913
1029 765
765 806
640 985
985 704
917 916
114 917
62 919
919 918
815 920
815 921
920 710
987 913
923 922
515 923
968 905
905 1090
1038 988
988 1037
1037 1038
924 1037
637 927
926 928
637 931
934 926
933 934
931 933
989 935
931 989
974 973
971 974
971 930
930 974
971 910
989 637
690 989
929 933
985 986
986 704
713 942
929 976
976 933
933 930
930 934
928 934
935 932
932 936
944 806
806 941
941 944
709 1171
1171 438
713 748
945 937
1040 942
713 1040
990 806
1040 1112
1112 940
940 1040
806 939
1117 941
941 1114
1114 1117
941 940
940 1114
817 1040
942 940
1040 991
991 1112
978 972
972 976
976 978
1099 932
932 1033
1033 1099
1029 1036
1036 765
1121 1185
1185 1184
1184 1121
814 1043
1043 876
951 947
163 951
947 878
878 949
949 947
878 994
994 879
879 445
950 994
994 951
951 878
6 879
879 952
952 6
879 950
754 1555
880 954
1552 1047
1132 1191
957 818
956 957
1164 1052
1052 1133
1133 1164
996 998
840 894
894 960
846 1580
1580 962
828 1150
1150 1000
1567 1571
1571 1566
1566 1567
682 851
1002 965
867 1002
965 902
1002 1006
1006 1005
867 1006
1562 1007
1007 1004
968 1021
1021 1022
1022 968
905 1087
1087 1038
1038 905
910 970
971 970
970 975
975 687
976 974
930 976
972 974
1100 1101
1101 992
992 1100
1237 982
982 1183
1183 1237
1590 1218
1218 1182
1182 1590
1025 709
1102 1176
1176 1104
970 1026
1026 975
972 973
936 979
979 929
1102 978
978 979
979 1102
936 1099
1099 1101
1101 936
1344 1346
1346 1342
1342 1344
976 979
1327 1174
1174 1187
1187 1327
1101 1102
1102 936
982 1329
1329 1375
1375 982
1173 1175
1175 1171
1034 1251
1251 1254
1254 1034
1106 1103
1103 982
982 1106
1240 1342
1342 1341
1341 1240
1222 1026
973 1222
1036 983
983 915
1030 944
944 1031
1031 1030
932 1108
1108 1033
1036 986
1033 1109
1109 1031
986 690
1012 1016
1016 1003
1037 1039
1039 1111
1111 1037
1108 989
690 1108
989 932
991 1041
1041 1046
1046 991
1112 1114
1032 1031
944 1032
1110 992
992 1032
1032 1110
1072 1129
1129 1189
1189 1072
1130 1045
1045 1046
1046 1130
999 777
955 751
995 955
958 998
887 1051
1051 997
997 887
1051 999
1051 1052
1052 958
958 1051
1052 1134
1134 958
1053 1195
1195 1145
1145 1053
963 1000
1000 1152
1152 963
1001 966
1004 1005
1005 1010
1010 966
905 1023
1017 905
1011 1004
1004 1066
1066 1011
1314 1084
1084 1085
1085 1314
1011 1009
1009 1010
1010 1011
1011 1005
967 1562
1562 867
1089 1564
1564 1088
1088 1089
967 1563
1563 1562
1066 1069
1069 1055
1055 1066
1004 1069
1128 1157
1157 1077
1077 1128
1056 1015
1015 1009
1009 1056
1010 1012
1009 1012
1007 1069
1008 1009
1011 1008
1015 1012
1017 1016
1016 1014
1014 1017
1058 1060
1060 1062
1062 1058
1039 1165
1165 805
805 1039
1016 1015
1015 1081
1081 1016
1081 1083
1083 1014
1014 1081
1008 1056
1015 1013
1013 1081
1014 1087
1087 1017
968 1023
1019 1089
1089 1018
851 1022
1089 967
683 1020
1020 1564
1564 683
1003 1022
1022 682
1022 1023
1169 1092
1092 1024
1024 1169
1168 567
975 1025
975 1178
1178 1025
972 1218
1218 1177
1177 972
1218 1221
1221 1105
1105 1218
1171 1178
1178 1098
980 1244
1244 1172
1172 980
1028 1254
1254 1255
1255 1028
1029 984
984 1036
944 1117
1117 1032
1030 984
992 1099
1031 984
1035 1032
1032 943
943 1035
984 1109
1109 986
986 984
1116 1121
1121 1042
1042 1116
1218 978
978 1182
1115 1180
1180 1116
1116 1115
1110 1035
1035 981
981 1110
924 1038
988 1039
1095 1038
1038 1024
1024 1090
1090 1038
1087 1083
1083 1086
1111 805
1041 1040
876 1046
1045 991
1113 1116
1042 1113
1072 1043
1046 1043
1043 993
993 1046
1062 1056
1056 1058
1126 1120
1120 1123
1123 1126
1113 1118
1118 1116
991 1113
1113 1112
993 1130
443 955
955 1047
1047 443
752 1159
1159 1048
1048 752
1159 884
1049 1159
1191 824
824 1131
1159 1191
1191 1048
1140 1148
1148 1147
1193 1567
1567 963
963 1193
887 1052
1133 826
826 1164
1052 1050
1078 671
1139 1140
1140 1135
1135 1139
1191 1049
1236 1158
1158 1188
1188 1236
1219 1105
1105 1097
1097 1219
1225 1226
1226 1059
1059 1225
1008 1058
1062 1015
1061 1058
1058 1063
1063 1061
1057 1058
1061 1057
1224 1067
1067 1320
1320 1224
1057 1060
1319 1067
1067 1074
1074 1319
1481 1373
1373 1443
1443 1481
1363 1415
1415 1416
1416 1363
1211 1215
1215 1209
1209 1211
1008 1063
1127 1187
1187 1068
1068 1127
1060 1013
1013 1062
1008 1065
1065 1063
1065 1067
1067 1063
1227 1228
1228 1370
1370 1227
1132 1048
1011 1065
1065 1055
1055 1067
1065 1066
1054 1074
1074 1055
1055 1054
1128 1079
1079 1186
1186 1128
1174 1107
1107 1187
1007 1197
1197 1069
1054 1201
1201 1418
1418 1054
1360 1071
1071 1279
1279 1360
1156 1230
1230 1234
1234 1156
1273 1275
1275 1272
1272 1273
1128 1126
1126 1157
1577 1575
1575 1571
1571 1577
1164 1050
1156 1235
1235 1322
1322 1156
1318 1072
1072 1316
1316 1318
1079 1158
1158 1186
1238 1284
1284 1285
1285 1238
629 1163
1163 1145
1145 629
1061 1224
1224 1225
1225 1061
1063 1224
1073 1262
1262 1071
1071 1073
1442 1480
1480 1357
1357 1442
1068 1153
1153 1127
1128 1120
1076 1127
1127 1286
1286 1076
1293 1274
1274 1160
1160 1293
1366 1303
1303 1305
1305 1366
1081 1084
1084 1083
1084 1082
1082 1083
1207 1165
1039 1207
1013 1084
1082 1086
1060 1085
1085 1013
1158 1124
1124 1186
1207 1313
1313 1165
1207 1082
1082 1313
1020 904
904 1166
1166 1020
1088 1166
1166 1167
1019 1564
1088 1563
1563 1089
1024 1091
1092 1091
1095 1096
1096 1169
1169 1095
560 1094
1094 562
1091 1093
1092 562
574 1096
1095 1024
1168 1096
1221 1097
1245 1248
1240 1245
1261 1356
1356 1354
1354 1261
1177 973
1110 1100
1336 1479
1479 1441
1441 1336
1100 1102
1028 1104
1176 1028
1100 1176
1035 1179
1179 1034
1034 1035
1098 1341
1341 1173
981 1028
1176 981
1337 1170
1170 980
980 1337
1327 1333
1333 1174
981 1034
1254 981
1172 1103
1106 1172
1107 1329
982 1107
1245 1247
1247 1219
1219 1245
980 1375
1375 1337
986 1108
1109 1108
1045 1113
1112 1042
1042 1114
1118 1115
1184 1114
1042 1184
1114 943
943 1117
1122 1115
1118 1122
1251 1256
1256 1244
1244 1251
1045 1118
1180 1121
1130 1118
1118 1123
1123 1122
1115 1181
1181 1180
1253 1103
1172 1253
1123 1364
1364 1126
1122 1124
1124 1115
1121 1119
1119 1179
1179 1121
1179 1185
1118 946
946 1123
1122 1120
1120 1124
1129 1364
1364 1189
1186 1120
1181 1253
1253 1180
1281 1268
1268 1271
1271 1281
1183 1236
1236 1237
946 1364
1126 1125
1125 1157
1270 1504
1504 1466
1466 1270
1178 1222
1222 1098
1157 1263
1263 1262
1262 1157
1073 1153
1153 1079
1079 1073
1072 993
1303 1304
1304 1318
1318 1303
993 1189
1135 1136
1136 1139
751 1048
887 1133
1146 1145
1145 1141
1141 1146
1136 1138
1307 1139
1136 1307
1135 1138
1574 1584
1584 1588
1588 1574
1583 1310
1310 1309
1309 1583
1135 1146
1146 1138
1142 1138
1138 1565
1050 1307
1139 1137
1137 1140
1137 1148
1053 1144
1144 1140
1144 1135
1078 1163
1163 671
1148 1149
1149 1573
1573 1148
1077 1079
1145 1144
1146 1144
1195 1150
1150 1151
1151 1195
1141 1565
1565 1146
1143 1193
1193 1147
1147 1143
1150 1152
1137 1308
1308 1148
1148 1143
1164 1162
1162 1050
1584 1080
1080 1588
1151 828
1152 1053
1147 1152
1195 629
1150 1053
1193 1152
1202 1199
1199 784
784 1202
1311 1569
1569 1196
1196 1311
1226 1156
1156 1059
1197 1199
1194 1143
1143 1573
1573 1194
1579 1578
1578 1580
1125 1161
1161 1157
1423 1202
1202 1206
1206 1423
1141 1163
1071 1265
1265 1279
1296 1235
1235 1276
1308 1149
814 1306
1306 1075
1303 1161
1125 1303
1310 1164
826 1310
809 1215
1215 1217
1192 827
1565 1192
1188 1068
1187 1188
1307 1137
1082 1314
1314 1313
1165 1209
1209 805
904 1167
1564 1166
745 1204
1204 1312
1197 1198
1198 784
784 1197
1092 1168
1169 1168
1172 1252
1252 1253
1106 980
709 1178
1326 1222
973 1326
1452 1347
1347 1450
1450 1452
1175 438
1242 980
1170 1242
1222 1247
1247 1098
1242 1243
1243 1257
1257 1242
1242 1244
1104 1590
1220 1175
1175 1456
1456 1220
975 1222
1177 1219
1219 1326
1326 1177
1177 1105
943 1185
1185 1035
1103 1183
1124 1181
1180 1119
1183 1181
1181 1236
1124 1236
1250 1097
1221 1250
1107 1237
1237 1187
1239 1257
1257 1254
1254 1239
1184 943
1158 1068
1234 1235
1076 1187
1068 1079
1061 1059
1059 1057
1262 1077
1263 1071
1077 1073
1075 1316
1129 1304
1304 1364
1143 1567
1576 1194
1573 1576
1586 1583
1583 1584
1584 1586
1000 1569
1570 1578
1578 1196
1196 1570
1007 1198
1007 1563
1563 1198
1167 784
745 1200
1200 1206
1206 745
1199 1201
1525 1527
1527 1362
1362 1525
1369 1468
1468 1425
1425 1369
1202 1201
1203 1424
1424 1200
1200 1203
1204 1202
784 1204
1204 1206
1425 1426
1426 1435
1435 1425
1312 784
1167 1312
1368 1213
1213 1214
1214 1368
904 1205
1205 1167
1210 809
1165 1211
1213 1215
1211 1213
1209 1210
1209 809
1313 1211
1211 1208
1208 1213
1315 1213
1208 1315
1216 1317
1317 1316
1316 1216
1315 1214
1213 1212
1212 1215
1302 1294
1294 1413
1413 1302
1322 1059
1212 1216
1216 1215
1299 1044
1044 1317
1317 1299
1217 1075
1075 808
1216 1217
1216 1075
1329 1174
1174 1330
1330 1329
1097 1245
1477 1478
1478 1510
1510 1477
1220 69
1103 1181
981 1100
1417 1319
1074 1417
1223 1228
1228 1226
1226 1223
1224 1223
1223 1225
1371 1370
1228 1371
1226 1231
1231 1230
1230 1226
1413 1363
1363 1302
1320 1223
1231 1229
1229 1230
1231 1321
1321 1229
1263 1265
1228 1231
1229 1289
1289 1234
1234 1229
1227 1321
1321 1228
1321 1233
1233 1229
1534 1293
1160 1534
1264 1581
1581 1267
1267 1264
1428 1438
1438 1433
1433 1428
1271 1274
1274 1269
1269 1271
1234 1232
1232 1235
1276 1267
1267 1295
1323 1296
1296 1302
1302 1323
1188 1237
1292 1279
1265 1292
1268 1264
1264 1275
1275 1268
1348 1349
1349 1250
1250 1348
1119 1252
1252 1256
1256 1119
1394 1389
1389 1393
1393 1394
1028 1259
1259 1104
1354 1258
1258 1261
1170 1243
1242 1239
1239 1244
1335 1328
1328 1331
1331 1335
1590 1221
1239 1251
1252 1244
1097 1349
1349 1248
1248 1097
1240 1247
1246 1349
1348 1246
1387 1392
1392 1398
1398 1387
1341 1247
1326 1247
1248 1246
1246 1249
1378 1377
1377 1246
1246 1378
1448 1451
1451 1453
1453 1448
1259 1353
1353 1590
1590 1259
1250 1241
1241 1348
1256 1034
1179 1256
1119 1253
1257 1255
1255 1243
1243 1260
1260 1255
1255 1259
1258 1260
1260 1261
1250 1352
1352 1241
1260 1259
1260 1353
1243 1261
1258 1353
1170 1338
1338 1340
1340 1170
1351 1502
1502 1464
1464 1351
1161 1263
1064 1266
1266 1161
1161 1064
1581 1265
1265 1266
1266 1581
1160 1297
1297 1290
1290 1160
1603 1274
1293 1603
1263 1266
1278 1277
1277 1232
1232 1278
1064 1267
1581 1064
1288 1232
1277 1288
1288 1276
1235 1288
1297 1291
1291 1278
1278 1297
1295 1064
1064 1365
1365 1295
1269 1281
1281 1602
1602 1284
1284 1281
1271 1275
1273 1271
1265 1264
1264 1292
1272 1267
1276 1272
1073 1361
1361 1153
1264 1272
1291 1271
1273 1291
1297 1289
1289 1290
1273 1277
1278 1273
1238 1279
1292 1238
1238 1281
1272 1277
1044 1305
1303 1044
1288 1272
1289 1278
1232 1289
1291 1160
1274 1291
1358 1238
1285 1358
1357 1359
1359 1442
1290 1298
1298 1160
1282 1601
1601 1604
1604 1282
1602 1283
1283 1284
1238 1268
1466 1503
1503 1270
1601 1582
1582 1604
1424 1468
1468 1419
1419 1424
1269 1602
1283 1285
1443 1286
1286 1442
1442 1443
1357 1360
1360 1359
1480 1127
1153 1480
1373 1286
1317 1367
1367 1299
1214 1085
1085 1363
1363 1214
1229 1290
1233 1290
1529 1412
1412 1430
1430 1529
1268 1292
1298 1534
1293 1280
1280 1603
1294 1367
1367 1368
1368 1294
1302 1300
1300 1294
1295 1287
1287 1296
1300 1296
1287 1300
1233 1227
1227 1431
1431 1233
1434 1519
1519 1521
1521 1434
1044 1316
1530 1534
1298 1530
1365 1287
1300 1299
1299 1294
1532 1290
1233 1532
1287 1299
1125 1304
1322 1416
1416 1059
1299 1305
1364 1125
1129 1318
1365 1299
1161 1366
1366 1064
1162 1307
1162 1137
1162 1308
1583 1162
1162 1310
1308 1583
1583 1149
1309 1080
1080 1583
826 1309
963 1569
1196 1579
1313 1208
1315 1314
1085 1315
1314 1208
1044 1318
1212 1317
1212 1367
1369 1417
1417 1418
1418 1369
1223 1371
1319 1320
1319 1371
1371 1320
1235 1323
1323 1322
1416 1302
1416 1323
1346 1173
1173 1342
1345 1343
1343 1344
1344 1345
1076 1327
1336 1327
1076 1336
1460 1463
1463 1461
1461 1460
1333 1477
1477 1331
1331 1333
1328 1330
1330 1331
1328 1337
1375 1328
1479 340
340 1372
1372 1479
1328 1329
1338 1335
1335 1334
1334 1338
1330 1333
1332 1514
1514 1335
1335 1332
1461 1493
1493 1462
1462 1461
1476 1477
1333 1476
1340 1243
1331 1332
1338 1337
1337 1335
1373 1076
1286 1480
1106 1375
1338 1457
1457 1340
1492 1513
1513 1514
1514 1492
1243 1376
1376 1261
1334 1457
1340 1339
1339 1376
1376 1340
1249 1342
1249 1344
1377 1445
1445 1246
1404 1343
1343 1347
1347 1404
1249 1345
1343 1346
1486 1485
1485 1487
1487 1486
1398 1406
1406 1345
1345 1398
1343 1405
1405 1347
1405 1450
1404 1456
1356 1460
1460 1465
1465 1356
1241 1351
1351 1348
1448 1407
1407 1451
1445 1345
1249 1445
1352 1354
1354 1241
1350 1380
1380 1351
1351 1350
1590 1250
1352 1258
1352 1353
1590 1352
1408 1459
1459 1409
1409 1408
1465 1502
1502 1354
1354 1465
1409 1457
1457 1408
1461 1410
1410 1460
1409 1356
1261 1409
1356 1459
1459 1460
1361 1071
1360 1361
1358 1279
1359 1358
1285 1359
1360 1358
1270 1411
1411 1504
1504 1285
1285 1466
1357 1361
1357 1153
1422 1427
1427 1431
1431 1422
1429 1436
1436 1362
1362 1429
1060 1414
1414 1085
1057 1415
1415 1060
1366 1365
1365 1305
1212 1368
1214 1413
1413 1368
1418 1419
1419 1369
1362 1529
1430 1362
1420 1319
1417 1420
1425 1420
1420 1369
1319 1370
1325 1476
1476 1372
1372 1325
1476 1441
1479 1476
1190 1482
1482 1444
1444 1190
1373 1336
340 1481
1481 1374
1374 340
1409 1376
1339 1409
1348 1378
1380 1378
1378 1351
1387 1385
1385 1382
1382 1387
1383 1380
1350 1383
1380 1377
1402 1488
1488 1397
1397 1402
1384 1377
1380 1384
1487 1388
1388 1483
1483 1487
1390 1386
1386 1387
1387 1390
1384 1385
1385 1377
1350 1501
1501 1383
1446 1396
1396 1451
1451 1446
1383 1384
1384 1382
1382 1388
1388 1387
1385 1345
1445 1385
1403 1399
1399 1391
1391 1403
1385 1398
1483 1382
1382 1383
1383 1483
1386 1392
1388 1391
1391 1390
1390 1388
1389 1392
1392 1393
1406 1394
1394 1324
1324 1406
1487 1484
1484 1447
1447 1487
1399 1402
1397 1399
1399 1390
1386 1393
1389 1406
1398 1389
1397 1393
1386 1397
1324 1405
1405 1406
1453 1591
1591 148
148 1453
1394 1446
1446 1324
1453 1454
1454 1448
1446 1381
1381 1396
1397 1594
1594 1393
1453 1396
1396 1591
1399 1386
1449 1395
1395 1520
1520 1449
1449 1399
1403 1449
1489 1593
1593 1381
1381 1489
1490 1511
1511 5
5 1490
1379 1401
1401 1403
1403 1379
1446 1594
1594 1381
1391 1379
1401 1395
1449 1401
1452 1456
1456 1347
1343 1406
1324 1450
1324 1451
1451 1450
1560 1557
1557 1455
1455 1560
1523 1514
1332 1523
1457 1513
1513 1408
1339 1457
1400 1489
1489 1490
1490 1400
1464 1350
1411 1190
1444 1411
1442 1444
1444 1443
1420 1422
1422 1370
1370 1420
1537 1528
1528 1535
1535 1537
1415 1414
1414 1363
1057 1416
1074 1418
1201 1419
1423 1201
1206 1424
1424 1423
1425 1422
1424 1426
1426 1468
1430 1429
1422 1421
1421 1427
1422 1227
1423 1419
1070 1472
1472 1432
1432 1070
1425 1421
1524 4
4 1518
1518 1524
1508 1437
1437 1472
1472 1508
1421 1429
1429 1427
1427 1412
1412 1431
1426 1471
1471 1437
1437 1426
1203 1432
1432 1507
1507 1203
1470 1433
1433 1435
1435 1470
1421 1433
1433 1429
1427 1430
1412 1531
1531 1431
1421 1435
1438 1469
1469 1436
1436 1438
1429 1438
1428 1440
1440 1438
1505 1506
1506 1434
1434 1505
1437 1435
1506 1475
1475 1474
1474 1506
1424 1471
1070 1508
1470 1437
1508 1470
1439 1440
1440 1509
1509 1439
1519 1506
1474 1519
1509 1428
1428 1508
1508 1509
1596 1438
1440 1596
1327 1441
1441 1333
1374 1482
1190 1374
1482 1481
1443 1482
1517 1442
1359 1517
1444 1504
1462 1410
1381 1488
1488 1489
1393 1446
1449 1402
1450 1407
1407 1452
1407 1455
1452 69
69 1456
1593 1591
1591 1381
1512 360
360 1560
1560 1512
1448 1512
1512 1407
148 1454
1455 1512
1334 1513
1461 1494
1494 1493
1494 1496
1496 1493
1497 1355
1355 1500
1500 1497
1458 1463
1463 1459
1459 1458
1410 1465
1408 1458
1462 1350
1464 1462
1516 1498
1498 1484
1484 1516
1494 1499
1499 1496
1241 1502
1464 1410
1464 1465
1283 1503
1503 1285
1601 1467
1467 1503
1503 1601
1467 1270
1491 1520
1395 1491
1521 1525
1525 1434
1470 1428
1507 1424
1471 1507
1507 1472
1472 1471
1434 1436
1469 1434
1475 1597
1597 1518
1518 1475
1474 1301
1301 1519
1439 1595
1595 1440
1596 1469
1325 1477
1478 977
977 1510
1477 1332
1336 1481
1481 1479
1325 1478
1484 1483
1383 1484
1447 1486
1516 1383
1501 1516
1498 1027
1027 1495
1495 1498
1391 1485
1485 1379
1388 1485
1486 1379
1491 1511
1511 1520
1594 1488
1402 1511
1511 1488
1520 1402
1499 1500
1355 1499
1489 1511
1512 1454
1454 360
1513 1458
1458 1494
1494 1463
1498 1493
1493 1027
1495 1484
1496 1027
1495 1447
1498 1462
1515 1497
1500 1515
1499 1458
1458 1500
1355 1496
1458 1492
1492 1500
1492 1515
1462 1501
1516 1462
1283 1601
1517 1444
1504 1359
1505 1597
1597 1506
1469 1505
1070 1473
1473 1508
1473 1509
1473 1439
977 1515
1515 1523
1523 977
1510 1332
1491 5
1334 1514
1510 1523
1523 1492
977 1497
1504 1517
1596 1505
1439 1524
1524 1595
1537 1527
1527 1521
1521 1537
1600 1599
1599 1533
1533 1600
1527 1529
1535 1527
1436 1525
1518 1595
4 1475
1534 1280
1298 1532
1532 1530
1301 1537
1537 1519
1527 1526
1526 1529
1528 1536
1536 1535
1535 1526
1530 1529
1526 1530
1531 1233
1526 1533
1533 1534
1534 1526
1532 1531
1531 1530
1529 1531
1536 1526
1280 1533
1599 1280
1528 1522
1522 1536
1522 1600
1600 1536
1536 1533
1301 1528
1546 531
530 1544
521 1544
1545 1544
249 1543
279 541
612 472
1548 612
1548 1549
1551 1550
1552 443
1553 443
1552 1553
1557 760
1554 760
760 1559
1559 1554
712 364
364 1559
360 712
712 1560
1570 1154
1154 1578
1570 1568
1568 1154
1194 1567
1566 963
1566 1569
1566 891
891 1568
1568 1566
1568 1569
1569 1570
1571 891
1575 891
1149 1586
1586 1576
1576 1149
1574 1577
1577 1576
1576 1574
1194 1571
1194 1577
1574 1589
1589 1577
1577 1572
1572 1575
1154 500
500 1578
1580 500
1603 1582
1582 1602
1602 1603
1599 1605
1605 1280
1585 9
9 1587
1587 1585
1574 1586
1080 1585
1585 1588
9 1572
1572 1587
1572 1589
1589 1587
1587 1588
1587 1574
1591 1592
1592 148
1400 1593
1400 1592
1592 1593
1597 1596
1596 1518
1595 1596
1599 1155
1155 1605
1522 1598
1598 1600
1599 1598
1598 1155
1282 1467
1602 1601
1269 1603
1605 1603
1155 1604
1604 1605
1605 1582
